100 1374 1237
0 1 287
0 2 1656
0 4 206
0 5 1697
0 6 1992
0 8 2205
0 9 2761
0 12 2482
0 14 2652
0 15 2234
0 16 737
1 2 208
1 4 1628
1 8 763
1 9 553
1 11 533
1 12 2152
1 14 2033
1 15 2832
1 16 2731
1 20 24
1 21 1982
1 24 392
1 27 2778
1 30 376
1 34 2497
2 3 2315
2 4 2422
2 6 186
2 8 734
2 9 1296
2 10 2281
2 11 1369
2 13 398
2 15 305
2 18 974
2 22 1476
2 25 1309
2 27 1992
2 28 1636
2 29 1723
2 30 927
2 33 2307
2 35 447
2 36 103
2 41 790
2 42 559
2 43 1791
2 44 1047
2 46 2059
2 49 1018
2 50 2369
2 51 2233
2 53 709
2 55 170
2 56 2237
2 57 1942
2 62 1969
2 63 2752
2 67 2180
2 68 2559
2 71 2691
2 78 1889
2 81 2558
2 84 749
2 85 948
2 87 1877
2 89 1291
2 90 763
2 92 2617
3 4 318
3 5 1440
3 10 373
3 11 1753
3 12 2424
3 14 1040
3 15 2467
3 16 1236
3 19 2229
3 20 557
3 21 1670
3 23 1328
3 24 2229
3 26 331
3 28 796
3 29 638
3 30 1815
3 32 378
3 35 1536
3 38 90
3 39 622
3 40 975
3 41 1397
3 42 886
3 45 2281
4 5 2840
4 7 1585
4 9 2540
4 10 1514
4 13 129
4 15 1637
4 16 341
4 19 1976
4 20 2944
4 21 2329
4 23 2857
4 26 2111
4 27 512
4 28 215
4 30 1690
4 32 14
4 34 838
4 36 2544
4 38 1026
4 39 2386
4 40 408
4 43 23
4 46 782
4 48 803
4 51 1189
4 53 2487
4 55 21
4 57 1327
4 58 272
4 60 1299
4 62 110
4 63 1372
4 71 2327
4 72 640
4 74 537
4 78 1561
4 81 25
4 82 2301
4 83 450
4 84 689
4 87 1683
4 89 301
4 90 2605
4 92 1757
4 95 2111
4 97 2760
5 6 840
5 9 1862
5 10 1714
5 11 615
5 12 143
5 13 1114
5 14 2167
5 17 530
5 18 2990
5 19 1164
5 20 1768
5 23 2554
5 26 2864
5 27 2178
5 31 1267
5 33 2686
5 35 1917
5 36 2320
5 37 550
5 40 1073
5 41 357
5 42 7
5 43 1315
5 45 414
5 51 2820
5 52 2226
5 53 1300
5 54 1366
5 56 315
5 59 1076
5 61 726
5 63 1752
5 64 324
6 7 144
6 12 2167
6 15 997
6 17 2494
6 20 920
6 23 1251
6 26 2122
6 28 2911
6 30 2606
6 31 216
6 32 2775
6 33 865
6 35 1479
6 38 2397
6 41 1521
6 44 2540
6 46 2195
6 47 2310
6 49 1413
6 51 2284
6 52 656
6 53 2949
6 54 408
6 56 262
6 58 1452
6 59 2
6 61 2611
6 62 276
6 66 1025
6 70 1485
6 71 1398
6 75 409
6 76 1935
6 80 239
6 82 56
6 83 1275
6 84 498
6 88 1061
6 90 1901
7 8 477
7 12 489
7 16 1054
7 17 274
7 18 2729
7 23 2267
7 24 2296
7 25 630
7 27 1513
7 31 919
7 32 1953
7 35 1009
7 38 1902
7 40 915
7 44 1007
7 47 682
7 48 794
7 55 230
7 57 504
7 60 2135
7 62 1747
8 9 2007
8 13 872
8 14 1224
8 15 2955
8 16 1590
8 17 2028
8 21 1397
8 22 1583
8 23 1842
8 26 2005
8 27 198
8 30 2556
9 10 2098
9 11 965
9 14 1815
9 15 1286
9 18 2112
9 20 1949
9 21 276
9 22 1469
9 24 1475
9 25 1382
9 26 2176
9 27 2698
9 28 2386
9 29 1672
9 30 2267
9 33 2363
9 36 2497
9 37 551
10 11 2738
10 15 1989
10 16 2895
10 18 99
10 20 105
10 22 1659
10 23 2402
10 24 2686
11 12 2083
11 13 1459
11 14 920
11 15 2019
11 16 1825
11 19 603
12 13 815
12 14 2042
12 15 538
12 16 561
12 17 1492
12 18 218
12 20 1498
12 21 1177
12 22 207
12 23 1133
12 24 2507
12 25 2859
12 27 274
12 28 539
12 29 2622
12 37 1231
12 39 2597
12 40 1381
12 41 2663
13 14 2991
13 17 1997
13 18 748
13 19 2678
13 21 2846
13 24 2474
13 25 2149
13 26 1242
13 31 2729
13 32 2023
13 33 275
13 34 871
13 35 406
13 36 1090
13 38 1715
13 40 2558
13 42 1702
13 43 512
13 46 1088
13 48 260
13 50 231
13 51 2736
13 57 738
13 58 132
13 59 1952
13 60 1509
13 61 2412
13 62 2979
13 63 1810
13 68 105
14 15 1139
14 16 882
14 17 2212
14 18 1955
14 19 2172
14 24 2403
14 25 2294
15 16 2541
15 17 1932
16 17 2600
16 20 745
16 22 2718
16 23 2912
16 28 1103
16 30 2737
16 32 2194
16 36 477
16 37 10
16 40 2060
16 41 2865
16 44 1313
16 48 2465
17 18 897
17 19 1973
17 20 278
17 21 2029
17 22 2779
17 23 2170
17 25 1525
17 27 1237
17 28 1729
17 29 1768
17 30 2420
17 31 150
17 33 470
17 34 1283
17 35 2207
17 36 815
17 38 1812
17 41 2278
17 43 475
17 45 2872
17 46 2474
17 48 203
17 49 77
17 50 504
17 52 2066
17 53 2014
17 56 2210
17 58 1432
17 61 2943
17 65 2299
17 66 24
17 67 2511
17 68 2563
17 74 714
17 75 1011
17 76 1571
17 80 2669
17 85 173
17 86 2150
17 89 1190
17 91 35
17 92 317
17 93 512
18 19 1066
18 22 2187
18 27 2017
18 28 2967
18 29 1832
18 31 297
18 32 407
18 35 102
18 37 2916
18 39 423
18 42 1645
18 43 1781
18 44 77
18 45 1713
18 46 2827
18 47 1587
18 50 2536
18 53 2847
18 54 2470
18 56 550
18 57 2832
18 58 583
18 60 1900
18 61 754
18 62 954
18 63 929
18 65 2716
18 66 2245
18 70 1052
18 74 2235
18 75 1267
18 78 502
18 80 1982
18 81 113
18 83 1176
18 84 2478
18 85 1433
18 88 2229
18 92 1099
18 95 1628
19 20 2796
19 26 177
19 27 1904
19 28 2599
19 31 1823
19 32 1863
19 35 1315
19 36 2756
19 38 454
19 39 449
19 41 2953
19 43 1683
19 44 827
19 45 1455
19 46 1125
19 48 1198
19 63 2206
19 67 1843
19 68 1987
19 71 160
20 21 849
20 23 1326
20 26 2096
20 30 2704
20 32 1934
20 33 2669
20 35 2075
20 36 2424
20 39 1465
20 40 2633
20 44 2499
20 46 2763
20 49 2507
20 51 1596
20 52 2624
20 54 143
20 55 2755
21 22 2824
21 24 1675
21 28 1993
21 29 1479
22 23 1469
22 25 2914
22 26 2
22 29 2658
22 30 431
22 31 57
22 32 652
22 36 2143
22 38 557
22 39 1513
22 40 2451
22 43 2715
22 44 641
22 46 689
22 47 522
22 48 651
22 49 142
22 52 2522
22 53 2655
22 54 1937
22 55 1270
22 56 2531
22 57 2743
22 58 361
23 24 2080
23 25 79
23 28 2789
23 30 338
23 32 2079
23 38 573
23 39 1751
23 44 280
23 45 1406
23 47 2459
23 52 153
23 54 1164
23 55 2133
23 57 534
23 58 484
23 59 2606
23 62 653
23 65 1287
23 66 2207
24 25 133
24 26 959
24 27 2819
24 28 610
24 30 1439
24 31 1654
25 26 76
25 27 2896
25 28 617
25 32 15
25 34 2157
25 35 2226
25 39 1538
25 40 2036
25 41 667
25 43 1469
25 44 1784
25 46 798
25 48 1351
25 51 2183
25 52 1896
25 54 1689
25 55 2343
25 58 451
25 60 2883
25 64 506
25 65 619
25 66 629
25 68 2958
25 69 28
25 70 782
25 73 1404
25 77 1040
25 79 1194
26 27 2453
26 30 767
26 31 2109
26 32 1557
26 33 2537
26 36 256
26 38 418
26 41 918
26 43 2764
26 44 733
26 45 1696
26 48 349
26 49 1208
26 50 2454
26 51 1844
26 53 2465
26 54 6
26 55 2740
26 56 2385
26 57 1422
26 58 2804
26 59 267
26 61 1354
26 62 164
26 63 1219
26 64 2354
26 68 1473
26 70 2527
26 73 2387
26 74 150
26 76 258
26 79 2040
26 84 1249
26 85 75
26 86 87
26 87 1080
26 88 1748
27 28 1151
27 29 310
27 31 955
27 33 1618
27 34 1595
28 29 646
28 32 195
28 34 1086
28 35 2207
28 40 1495
28 42 2166
28 44 2367
28 48 1857
28 53 243
28 56 1717
28 58 2667
28 60 2100
28 61 1615
28 63 2458
28 64 2105
28 65 148
28 66 1603
28 68 683
28 69 584
28 70 2207
28 72 1888
28 77 1677
28 78 2933
28 80 2911
29 30 2982
29 31 1056
29 32 1269
29 33 1775
29 34 324
29 35 3
29 37 281
29 38 563
29 43 759
29 44 1200
29 46 2111
29 47 1710
29 49 1859
29 50 2307
29 52 919
29 60 742
29 61 1550
29 62 1726
29 63 1867
29 65 483
29 66 2239
29 68 2463
29 69 1333
29 71 1108
29 73 1235
29 75 1238
29 76 1095
29 78 627
30 31 164
30 33 2
30 34 2615
30 41 987
30 42 2133
31 32 2770
31 33 2287
31 38 565
31 39 420
31 43 2788
31 45 2527
32 33 176
32 34 713
32 35 1468
32 37 1576
32 39 1838
32 41 2165
32 42 1720
32 43 1554
32 47 548
32 49 2258
32 51 2841
33 34 887
33 35 2864
33 37 913
33 40 962
33 41 1372
33 45 583
33 48 755
33 49 1004
33 50 1497
33 51 1842
33 54 60
33 59 2005
33 63 1879
33 69 2980
34 35 2704
34 38 101
34 39 1641
34 40 2881
34 42 2939
34 47 1034
34 48 2184
34 49 2659
34 50 1180
34 51 1648
34 54 1526
34 61 2826
34 62 927
34 63 1239
34 64 1788
34 65 1027
34 68 1363
34 69 1094
34 70 507
34 71 1985
35 36 2720
35 37 1708
35 38 757
36 37 779
36 38 1111
36 42 1858
36 44 1485
36 45 1915
36 46 1604
36 47 788
36 50 524
36 52 235
36 53 2623
36 55 775
36 57 244
36 60 2602
36 62 788
36 63 2044
36 66 22
36 67 2074
36 69 1554
36 71 938
36 72 1451
36 74 1292
36 75 523
36 77 610
36 78 2931
36 81 913
36 83 1460
36 84 2344
36 85 1541
36 89 1792
36 91 2477
36 95 129
36 96 324
36 97 1886
37 38 1043
37 39 588
37 42 582
37 44 844
37 47 1527
37 49 2741
37 51 2992
37 54 2614
37 56 2218
38 39 564
38 40 314
38 41 2174
38 42 713
38 43 1525
38 44 1158
38 45 2858
38 48 2449
38 50 2182
38 52 821
38 56 1021
38 61 1410
38 68 2386
38 72 1155
38 73 989
38 75 1107
38 80 1767
38 81 2205
38 84 1895
38 91 1436
39 40 1517
39 42 1892
39 43 574
39 45 1126
39 47 840
39 48 1947
39 49 1931
39 50 2167
39 51 2738
39 54 581
39 55 1565
39 57 1186
39 58 2943
39 59 364
39 60 1498
39 61 1067
39 62 2465
39 65 1231
39 66 251
39 68 2044
39 70 2425
39 72 2236
39 73 2457
39 77 2652
39 78 2889
39 80 528
39 81 1519
39 82 2080
39 83 1234
39 85 678
40 41 2020
40 42 2631
40 48 1853
40 49 1992
40 50 1339
40 52 2393
40 56 2553
40 61 1842
40 62 2593
40 63 1420
40 65 2812
40 70 133
40 73 1708
40 75 2523
40 76 1710
40 78 595
40 79 2250
40 81 233
40 84 1445
40 86 1675
40 88 2698
40 90 2822
40 91 1729
40 92 2273
40 95 1291
41 42 2629
41 43 151
41 44 967
41 53 2779
41 56 2996
41 58 2024
41 59 2482
41 60 2707
41 61 2253
41 62 1290
41 65 76
41 67 1954
42 43 1531
42 44 2947
42 45 2788
42 46 1463
42 48 1054
42 51 923
42 53 240
42 54 1598
42 55 1792
42 57 2620
42 60 2609
42 61 1389
42 62 560
42 63 1945
42 65 593
42 67 919
42 68 2551
42 71 1431
42 74 2255
42 75 2345
42 77 1076
42 78 2364
42 79 2889
42 81 2075
42 82 441
42 85 1342
42 87 660
43 44 2456
43 47 2283
43 48 2684
43 49 2791
43 50 1576
43 53 2883
43 54 1175
43 56 472
43 58 1228
43 60 2075
43 61 2073
43 62 967
43 64 2986
43 65 1400
43 66 632
43 67 768
44 45 400
44 46 1089
44 47 2774
44 49 166
44 50 349
44 51 177
44 52 736
44 53 1844
44 56 2094
45 46 1509
45 50 1609
45 56 2198
45 57 286
45 58 1902
45 61 2814
45 62 1656
45 63 2038
45 64 775
45 65 736
45 66 2229
45 67 2305
45 68 1939
45 69 1491
45 71 2871
46 47 1191
46 49 1899
46 52 178
46 53 2840
46 54 2632
46 58 1443
46 63 2890
46 64 422
46 67 2867
46 68 1640
46 69 1275
46 72 2321
46 74 349
46 76 1138
46 77 2381
46 78 1075
46 79 2513
46 80 697
46 83 1588
46 84 990
46 85 1422
46 86 2119
46 87 2293
46 89 1060
46 92 1054
46 94 2918
46 97 2060
46 98 1533
47 48 1072
47 49 2442
47 53 2706
47 54 2761
47 57 348
47 60 2127
47 62 1476
47 64 116
47 66 2818
47 68 1551
47 69 923
47 70 583
47 75 1187
47 80 1126
47 83 1858
47 84 556
47 86 2544
47 87 1516
47 88 97
48 49 53
48 51 1707
48 52 295
48 56 474
48 57 1391
48 62 1164
48 65 145
48 66 803
48 67 1097
48 68 25
48 70 398
48 72 67
48 73 2389
48 74 2214
48 75 312
48 76 2988
49 50 444
49 51 1753
49 53 2280
49 55 2015
49 57 1862
49 59 1496
49 60 2866
49 61 1340
49 62 2790
49 63 2116
49 64 2066
49 65 875
50 51 2289
50 53 1782
50 54 2182
50 56 1617
50 57 1560
50 58 1095
50 59 1854
51 52 1512
52 53 2255
52 54 1501
52 55 1303
52 56 251
52 57 2546
52 63 1535
52 65 2709
52 66 1041
52 67 821
52 69 1032
52 70 1432
52 71 667
52 72 221
52 73 2204
52 75 2611
52 81 963
52 82 2651
52 84 1697
52 88 1486
52 89 767
52 90 1845
52 92 496
52 95 1156
52 97 924
53 54 1109
53 57 2586
53 58 2726
54 55 322
54 56 236
54 57 2201
54 58 2902
54 60 2386
54 61 2268
54 62 2644
54 64 413
54 65 1535
54 66 2854
54 68 1387
54 70 1310
54 71 816
54 73 450
54 77 1081
54 78 2174
54 79 1187
54 80 1565
54 83 2876
54 85 2201
54 87 810
54 88 1133
54 89 659
55 56 1506
55 58 2577
55 59 2904
55 66 1746
55 67 613
55 68 281
55 69 1556
55 70 2857
55 71 945
55 72 1921
55 77 1385
55 78 2267
55 80 1958
55 81 1222
55 85 2898
55 86 2427
55 87 169
55 89 398
55 91 522
55 92 448
55 94 804
56 57 475
56 59 645
56 61 2723
56 63 2659
56 64 1628
56 65 2583
56 72 1730
56 73 1517
56 75 1975
56 77 1242
56 82 81
56 84 2604
56 85 125
56 86 920
56 87 1377
57 58 2979
57 61 2248
57 62 1047
57 63 1119
57 64 1226
57 68 1638
57 75 191
57 76 2624
57 77 1230
57 78 175
57 79 619
57 83 1790
58 59 2840
58 62 746
58 64 1648
58 65 2717
58 68 251
58 71 1728
58 72 1791
58 74 1023
58 75 322
59 60 2838
59 61 1379
59 65 2517
59 68 652
59 72 1594
59 73 2049
59 74 1486
59 76 15
59 81 1347
59 82 1410
59 84 1437
59 85 393
59 89 2528
59 91 1577
60 61 2480
60 62 309
60 66 2639
60 71 7
60 73 2754
60 76 2171
60 78 2928
60 79 285
61 62 1331
61 64 115
61 65 80
61 66 1791
61 67 416
61 68 381
61 69 279
61 71 898
61 75 23
61 80 1832
61 81 744
61 84 792
61 86 120
61 87 2441
61 89 1093
61 91 2401
61 93 788
62 63 93
62 64 880
62 66 2923
62 69 420
62 71 2280
62 72 1627
62 73 282
62 74 2139
62 75 603
62 77 2086
62 79 2547
62 82 1635
62 83 1510
62 84 1474
62 85 2704
62 86 2581
62 89 2277
62 90 585
62 93 402
63 64 2170
63 66 41
63 68 430
64 65 138
64 66 1647
64 67 589
64 68 827
64 69 445
64 70 331
64 71 1954
64 72 154
64 73 2299
64 76 40
64 78 94
64 80 83
64 81 2957
64 82 2531
64 86 1422
64 87 794
64 88 2287
65 66 2089
65 68 1495
65 70 1086
65 71 2507
66 67 1978
66 69 1671
66 73 2931
66 79 920
66 82 1679
66 84 372
66 85 2896
66 87 2990
66 89 356
66 90 1085
66 92 2916
66 93 2930
66 94 121
66 95 2727
66 96 2649
67 68 1997
67 69 889
67 71 2963
67 74 2
67 76 1118
67 78 73
67 79 2447
67 80 20
68 69 1628
68 70 1050
68 73 2790
68 74 1703
68 75 1871
68 76 423
68 81 2364
68 82 667
68 87 429
68 90 2994
68 92 121
68 93 2377
68 94 2152
69 70 1431
69 72 138
69 73 533
69 77 1071
69 78 72
69 82 1849
70 71 1435
71 72 488
71 74 1638
71 77 926
71 78 1272
71 79 212
71 82 258
72 73 2399
72 74 2837
72 75 212
72 76 289
72 78 672
72 81 2807
72 82 2771
72 83 2152
72 85 2109
72 86 548
72 88 808
73 74 2871
73 77 1856
73 78 1796
73 80 2450
73 81 1567
73 82 1227
73 87 1299
74 75 1194
74 76 2036
74 78 65
74 79 1371
74 81 1581
74 83 901
74 85 1501
74 87 1997
74 88 1627
74 91 1576
74 92 1165
74 93 2213
74 94 2000
74 95 1848
74 96 2663
75 76 1974
75 77 1671
75 78 341
75 79 776
75 80 2026
75 81 2376
75 82 2339
75 83 2828
75 84 1612
75 86 2242
75 87 2873
76 77 2432
76 80 931
76 82 560
76 83 2723
76 84 976
76 87 59
76 88 2160
76 89 2587
76 91 840
76 94 84
76 95 2614
76 96 2742
77 78 1608
78 79 1728
78 80 997
78 81 1250
78 83 1160
78 85 278
78 87 2222
78 90 2401
78 91 1356
78 93 1811
78 95 405
79 80 264
79 81 1083
79 82 1066
79 85 2472
79 87 2259
79 88 1972
79 89 2210
79 91 1559
79 92 1773
79 93 1267
80 81 130
80 83 2199
80 86 224
80 89 259
80 90 1567
81 82 400
81 84 2313
81 85 1997
81 86 2857
81 87 2282
81 88 2745
81 90 119
81 91 2774
82 83 398
82 84 397
82 88 2721
82 90 2015
82 91 222
82 93 694
82 94 857
82 95 207
82 96 73
83 84 2755
83 86 2498
83 87 305
84 85 1811
84 87 1414
84 88 1125
84 91 2830
84 92 647
84 95 1606
84 96 1795
85 86 1768
85 88 2185
85 89 1168
85 92 1493
85 93 2079
85 94 320
86 87 546
86 88 73
86 89 2734
86 92 2228
86 94 2558
86 95 1586
87 88 2633
87 90 749
87 91 4
87 92 571
88 89 1576
89 90 413
89 91 116
89 92 422
89 93 1706
89 94 2464
89 95 1556
89 96 2161
90 91 2229
90 95 2958
90 96 1573
90 97 1531
90 98 2858
91 92 434
91 93 1
91 94 1471
91 96 2147
91 97 1342
92 93 385
92 95 2240
92 97 1105
93 94 406
93 96 1377
94 95 2616
95 96 916
95 98 819
96 97 1676
97 98 1054
98 99 2910
0 1 287
0 2 1656
0 4 206
0 5 1697
0 6 1992
0 8 2205
0 9 2761
0 12 2482
0 14 2652
0 15 2234
0 16 737
1 2 208
1 4 1628
1 8 763
1 9 553
1 11 533
1 12 2152
1 14 2033
1 15 2832
1 16 2731
1 20 24
1 21 1982
1 24 392
1 27 2778
1 30 376
1 34 2497
2 3 2315
2 4 2422
2 6 186
2 8 734
2 9 1296
2 10 2281
2 11 1369
2 13 398
2 15 305
2 18 974
2 22 1476
2 25 1309
2 27 1992
2 28 1636
2 29 1723
2 30 927
2 33 2307
2 35 447
2 36 103
2 41 790
2 42 559
2 43 1791
2 44 1047
2 46 2059
2 49 1018
2 50 2369
2 51 2233
2 53 709
2 55 170
2 56 2237
2 57 1942
2 62 1969
2 63 2752
2 67 2180
2 68 2559
2 71 2691
2 78 1889
2 81 2558
2 84 749
2 85 948
2 87 1877
2 89 1291
2 90 763
2 92 2617
3 4 318
3 5 1440
3 10 373
3 11 1753
3 12 2424
3 14 1040
3 15 2467
3 16 1236
3 19 2229
3 20 557
3 21 1670
3 23 1328
3 24 2229
3 26 331
3 28 796
3 29 638
3 30 1815
3 32 378
3 35 1536
3 38 90
3 39 622
3 40 975
3 41 1397
3 42 886
3 45 2281
4 5 2840
4 7 1585
4 9 2540
4 10 1514
4 13 129
4 15 1637
4 16 341
4 19 1976
4 20 2944
4 21 2329
4 23 2857
4 26 2111
4 27 512
4 28 215
4 30 1690
4 32 14
4 34 838
4 36 2544
4 38 1026
4 39 2386
4 40 408
4 43 23
4 46 782
4 48 803
4 51 1189
4 53 2487
4 55 21
4 57 1327
4 58 272
4 60 1299
4 62 110
4 63 1372
4 71 2327
4 72 640
4 74 537
4 78 1561
4 81 25
4 82 2301
4 83 450
4 84 689
4 87 1683
4 89 301
4 90 2605
4 92 1757
4 95 2111
4 97 2760
5 6 840
5 9 1862
5 10 1714
5 11 615
5 12 143
5 13 1114
5 14 2167
5 17 530
5 18 2990
5 19 1164
5 20 1768
5 23 2554
5 26 2864
5 27 2178
5 31 1267
5 33 2686
5 35 1917
5 36 2320
5 37 550
5 40 1073
5 41 357
5 42 7
5 43 1315
5 45 414
5 51 2820
5 52 2226
5 53 1300
5 54 1366
5 56 315
5 59 1076
5 61 726
5 63 1752
5 64 324
6 7 144
6 12 2167
6 15 997
6 17 2494
6 20 920
6 23 1251
6 26 2122
6 28 2911
6 30 2606
6 31 216
6 32 2775
6 33 865
6 35 1479
6 38 2397
6 41 1521
6 44 2540
6 46 2195
6 47 2310
6 49 1413
6 51 2284
6 52 656
6 53 2949
6 54 408
6 56 262
6 58 1452
6 59 2
6 61 2611
6 62 276
6 66 1025
6 70 1485
6 71 1398
6 75 409
6 76 1935
6 80 239
6 82 56
6 83 1275
6 84 498
6 88 1061
6 90 1901
7 8 477
7 12 489
7 16 1054
7 17 274
7 18 2729
7 23 2267
7 24 2296
7 25 630
7 27 1513
7 31 919
7 32 1953
7 35 1009
7 38 1902
7 40 915
7 44 1007
7 47 682
7 48 794
7 55 230
7 57 504
7 60 2135
7 62 1747
8 9 2007
8 13 872
8 14 1224
8 15 2955
8 16 1590
8 17 2028
8 21 1397
8 22 1583
8 23 1842
8 26 2005
8 27 198
8 30 2556
9 10 2098
9 11 965
9 14 1815
9 15 1286
9 18 2112
9 20 1949
9 21 276
9 22 1469
9 24 1475
9 25 1382
9 26 2176
9 27 2698
9 28 2386
9 29 1672
9 30 2267
9 33 2363
9 36 2497
9 37 551
10 11 2738
10 15 1989
10 16 2895
10 18 99
10 20 105
10 22 1659
10 23 2402
10 24 2686
11 12 2083
11 13 1459
11 14 920
11 15 2019
11 16 1825
11 19 603
12 13 815
12 14 2042
12 15 538
12 16 561
12 17 1492
12 18 218
12 20 1498
12 21 1177
12 22 207
12 23 1133
12 24 2507
12 25 2859
12 27 274
12 28 539
12 29 2622
12 37 1231
12 39 2597
12 40 1381
12 41 2663
13 14 2991
13 17 1997
13 18 748
13 19 2678
13 21 2846
13 24 2474
13 25 2149
13 26 1242
13 31 2729
13 32 2023
13 33 275
13 34 871
13 35 406
13 36 1090
13 38 1715
13 40 2558
13 42 1702
13 43 512
13 46 1088
13 48 260
13 50 231
13 51 2736
13 57 738
13 58 132
13 59 1952
13 60 1509
13 61 2412
13 62 2979
13 63 1810
13 68 105
14 15 1139
14 16 882
14 17 2212
14 18 1955
14 19 2172
14 24 2403
14 25 2294
15 16 2541
15 17 1932
16 17 2600
16 20 745
16 22 2718
16 23 2912
16 28 1103
16 30 2737
16 32 2194
16 36 477
16 37 10
16 40 2060
16 41 2865
16 44 1313
16 48 2465
17 18 897
17 19 1973
17 20 278
17 21 2029
17 22 2779
17 23 2170
17 25 1525
17 27 1237
17 28 1729
17 29 1768
17 30 2420
17 31 150
17 33 470
17 34 1283
17 35 2207
17 36 815
17 38 1812
17 41 2278
17 43 475
17 45 2872
17 46 2474
17 48 203
17 49 77
17 50 504
17 52 2066
17 53 2014
17 56 2210
17 58 1432
17 61 2943
17 65 2299
17 66 24
17 67 2511
17 68 2563
17 74 714
17 75 1011
17 76 1571
17 80 2669
17 85 173
17 86 2150
17 89 1190
17 91 35
17 92 317
17 93 512
18 19 1066
18 22 2187
18 27 2017
18 28 2967
18 29 1832
18 31 297
18 32 407
18 35 102
18 37 2916
18 39 423
18 42 1645
18 43 1781
18 44 77
18 45 1713
18 46 2827
18 47 1587
18 50 2536
18 53 2847
18 54 2470
18 56 550
18 57 2832
18 58 583
18 60 1900
18 61 754
18 62 954
18 63 929
18 65 2716
18 66 2245
18 70 1052
18 74 2235
18 75 1267
18 78 502
18 80 1982
18 81 113
18 83 1176
18 84 2478
18 85 1433
18 88 2229
18 92 1099
18 95 1628
19 20 2796
19 26 177
19 27 1904
19 28 2599
19 31 1823
19 32 1863
19 35 1315
19 36 2756
19 38 454
19 39 449
19 41 2953
19 43 1683
19 44 827
19 45 1455
19 46 1125
19 48 1198
19 63 2206
19 67 1843
19 68 1987
19 71 160
20 21 849
20 23 1326
20 26 2096
20 30 2704
20 32 1934
20 33 2669
20 35 2075
20 36 2424
20 39 1465
20 40 2633
20 44 2499
20 46 2763
20 49 2507
20 51 1596
20 52 2624
20 54 143
20 55 2755
21 22 2824
21 24 1675
21 28 1993
21 29 1479
22 23 1469
22 25 2914
22 26 2
22 29 2658
22 30 431
22 31 57
22 32 652
22 36 2143
22 38 557
22 39 1513
22 40 2451
22 43 2715
22 44 641
22 46 689
22 47 522
22 48 651
22 49 142
22 52 2522
22 53 2655
22 54 1937
22 55 1270
22 56 2531
22 57 2743
22 58 361
23 24 2080
23 25 79
23 28 2789
23 30 338
23 32 2079
23 38 573
23 39 1751
23 44 280
23 45 1406
23 47 2459
23 52 153
23 54 1164
23 55 2133
23 57 534
23 58 484
23 59 2606
23 62 653
23 65 1287
23 66 2207
24 25 133
24 26 959
24 27 2819
24 28 610
24 30 1439
24 31 1654
25 26 76
25 27 2896
25 28 617
25 32 15
25 34 2157
25 35 2226
25 39 1538
25 40 2036
25 41 667
25 43 1469
25 44 1784
25 46 798
25 48 1351
25 51 2183
25 52 1896
25 54 1689
25 55 2343
25 58 451
25 60 2883
25 64 506
25 65 619
25 66 629
25 68 2958
25 69 28
25 70 782
25 73 1404
25 77 1040
25 79 1194
26 27 2453
26 30 767
26 31 2109
26 32 1557
26 33 2537
26 36 256
26 38 418
26 41 918
26 43 2764
26 44 733
26 45 1696
26 48 349
26 49 1208
26 50 2454
26 51 1844
26 53 2465
26 54 6
26 55 2740
26 56 2385
26 57 1422
26 58 2804
26 59 267
26 61 1354
26 62 164
26 63 1219
26 64 2354
26 68 1473
26 70 2527
26 73 2387
26 74 150
26 76 258
26 79 2040
26 84 1249
26 85 75
26 86 87
26 87 1080
26 88 1748
27 28 1151
27 29 310
27 31 955
27 33 1618
27 34 1595
28 29 646
28 32 195
28 34 1086
28 35 2207
28 40 1495
28 42 2166
28 44 2367
28 48 1857
28 53 243
28 56 1717
28 58 2667
28 60 2100
28 61 1615
28 63 2458
28 64 2105
28 65 148
28 66 1603
28 68 683
28 69 584
28 70 2207
28 72 1888
28 77 1677
28 78 2933
28 80 2911
29 30 2982
29 31 1056
29 32 1269
29 33 1775
29 34 324
29 35 3
29 37 281
29 38 563
29 43 759
29 44 1200
29 46 2111
29 47 1710
29 49 1859
29 50 2307
29 52 919
29 60 742
29 61 1550
29 62 1726
29 63 1867
29 65 483
29 66 2239
29 68 2463
29 69 1333
29 71 1108
29 73 1235
29 75 1238
29 76 1095
29 78 627
30 31 164
30 33 2
30 34 2615
30 41 987
30 42 2133
31 32 2770
31 33 2287
31 38 565
31 39 420
31 43 2788
31 45 2527
32 33 176
32 34 713
32 35 1468
32 37 1576
32 39 1838
32 41 2165
32 42 1720
32 43 1554
32 47 548
32 49 2258
32 51 2841
33 34 887
33 35 2864
33 37 913
33 40 962
33 41 1372
33 45 583
33 48 755
33 49 1004
33 50 1497
33 51 1842
33 54 60
33 59 2005
33 63 1879
33 69 2980
34 35 2704
34 38 101
34 39 1641
34 40 2881
34 42 2939
34 47 1034
34 48 2184
34 49 2659
34 50 1180
34 51 1648
34 54 1526
34 61 2826
34 62 927
34 63 1239
34 64 1788
34 65 1027
34 68 1363
34 69 1094
34 70 507
34 71 1985
35 36 2720
35 37 1708
35 38 757
36 37 779
36 38 1111
36 42 1858
36 44 1485
36 45 1915
36 46 1604
36 47 788
36 50 524
36 52 235
36 53 2623
36 55 775
36 57 244
36 60 2602
36 62 788
36 63 2044
36 66 22
36 67 2074
36 69 1554
36 71 938
36 72 1451
36 74 1292
36 75 523
36 77 610
36 78 2931
36 81 913
36 83 1460
36 84 2344
36 85 1541
36 89 1792
36 91 2477
36 95 129
36 96 324
36 97 1886
37 38 1043
37 39 588
37 42 582
37 44 844
37 47 1527
37 49 2741
37 51 2992
37 54 2614
37 56 2218
38 39 564
38 40 314
38 41 2174
38 42 713
38 43 1525
38 44 1158
38 45 2858
38 48 2449
38 50 2182
38 52 821
38 56 1021
38 61 1410
38 68 2386
38 72 1155
38 73 989
38 75 1107
38 80 1767
38 81 2205
38 84 1895
38 91 1436
39 40 1517
39 42 1892
39 43 574
39 45 1126
39 47 840
39 48 1947
39 49 1931
39 50 2167
39 51 2738
39 54 581
39 55 1565
39 57 1186
39 58 2943
39 59 364
39 60 1498
39 61 1067
39 62 2465
39 65 1231
39 66 251
39 68 2044
39 70 2425
39 72 2236
39 73 2457
39 77 2652
39 78 2889
39 80 528
39 81 1519
39 82 2080
39 83 1234
39 85 678
40 41 2020
40 42 2631
40 48 1853
40 49 1992
40 50 1339
40 52 2393
40 56 2553
40 61 1842
40 62 2593
40 63 1420
40 65 2812
40 70 133
40 73 1708
40 75 2523
40 76 1710
40 78 595
40 79 2250
40 81 233
40 84 1445
40 86 1675
40 88 2698
40 90 2822
40 91 1729
40 92 2273
40 95 1291
41 42 2629
41 43 151
41 44 967
41 53 2779
41 56 2996
41 58 2024
41 59 2482
41 60 2707
41 61 2253
41 62 1290
41 65 76
41 67 1954
42 43 1531
42 44 2947
42 45 2788
42 46 1463
42 48 1054
42 51 923
42 53 240
42 54 1598
42 55 1792
42 57 2620
42 60 2609
42 61 1389
42 62 560
42 63 1945
42 65 593
42 67 919
42 68 2551
42 71 1431
42 74 2255
42 75 2345
42 77 1076
42 78 2364
42 79 2889
42 81 2075
42 82 441
42 85 1342
42 87 660
43 44 2456
43 47 2283
43 48 2684
43 49 2791
43 50 1576
43 53 2883
43 54 1175
43 56 472
43 58 1228
43 60 2075
43 61 2073
43 62 967
43 64 2986
43 65 1400
43 66 632
43 67 768
44 45 400
44 46 1089
44 47 2774
44 49 166
44 50 349
44 51 177
44 52 736
44 53 1844
44 56 2094
45 46 1509
45 50 1609
45 56 2198
45 57 286
45 58 1902
45 61 2814
45 62 1656
45 63 2038
45 64 775
45 65 736
45 66 2229
45 67 2305
45 68 1939
45 69 1491
45 71 2871
46 47 1191
46 49 1899
46 52 178
46 53 2840
46 54 2632
46 58 1443
46 63 2890
46 64 422
46 67 2867
46 68 1640
46 69 1275
46 72 2321
46 74 349
46 76 1138
46 77 2381
46 78 1075
46 79 2513
46 80 697
46 83 1588
46 84 990
46 85 1422
46 86 2119
46 87 2293
46 89 1060
46 92 1054
46 94 2918
46 97 2060
46 98 1533
47 48 1072
47 49 2442
47 53 2706
47 54 2761
47 57 348
47 60 2127
47 62 1476
47 64 116
47 66 2818
47 68 1551
47 69 923
47 70 583
47 75 1187
47 80 1126
47 83 1858
47 84 556
47 86 2544
47 87 1516
47 88 97
48 49 53
48 51 1707
48 52 295
48 56 474
48 57 1391
48 62 1164
48 65 145
48 66 803
48 67 1097
48 68 25
48 70 398
48 72 67
48 73 2389
48 74 2214
48 75 312
48 76 2988
49 50 444
49 51 1753
49 53 2280
49 55 2015
49 57 1862
49 59 1496
49 60 2866
49 61 1340
49 62 2790
49 63 2116
49 64 2066
49 65 875
50 51 2289
50 53 1782
50 54 2182
50 56 1617
50 57 1560
50 58 1095
50 59 1854
51 52 1512
52 53 2255
52 54 1501
52 55 1303
52 56 251
52 57 2546
52 63 1535
52 65 2709
52 66 1041
52 67 821
52 69 1032
52 70 1432
52 71 667
52 72 221
52 73 2204
52 75 2611
52 81 963
52 82 2651
52 84 1697
52 88 1486
52 89 767
52 90 1845
52 92 496
52 95 1156
52 97 924
53 54 1109
53 57 2586
53 58 2726
54 55 322
54 56 236
54 57 2201
54 58 2902
54 60 2386
54 61 2268
54 62 2644
54 64 413
54 65 1535
54 66 2854
54 68 1387
54 70 1310
54 71 816
54 73 450
54 77 1081
54 78 2174
54 79 1187
54 80 1565
54 83 2876
54 85 2201
54 87 810
54 88 1133
54 89 659
55 56 1506
55 58 2577
55 59 2904
55 66 1746
55 67 613
55 68 281
55 69 1556
55 70 2857
55 71 945
55 72 1921
55 77 1385
55 78 2267
55 80 1958
55 81 1222
55 85 2898
55 86 2427
55 87 169
55 89 398
55 91 522
55 92 448
55 94 804
56 57 475
56 59 645
56 61 2723
56 63 2659
56 64 1628
56 65 2583
56 72 1730
56 73 1517
56 75 1975
56 77 1242
56 82 81
56 84 2604
56 85 125
56 86 920
56 87 1377
57 58 2979
57 61 2248
57 62 1047
57 63 1119
57 64 1226
57 68 1638
57 75 191
57 76 2624
57 77 1230
57 78 175
57 79 619
57 83 1790
58 59 2840
58 62 746
58 64 1648
58 65 2717
58 68 251
58 71 1728
58 72 1791
58 74 1023
58 75 322
59 60 2838
59 61 1379
59 65 2517
59 68 652
59 72 1594
59 73 2049
59 74 1486
59 76 15
59 81 1347
59 82 1410
59 84 1437
59 85 393
59 89 2528
59 91 1577
60 61 2480
60 62 309
60 66 2639
60 71 7
60 73 2754
60 76 2171
60 78 2928
60 79 285
61 62 1331
61 64 115
61 65 80
61 66 1791
61 67 416
61 68 381
61 69 279
61 71 898
61 75 23
61 80 1832
61 81 744
61 84 792
61 86 120
61 87 2441
61 89 1093
61 91 2401
61 93 788
62 63 93
62 64 880
62 66 2923
62 69 420
62 71 2280
62 72 1627
62 73 282
62 74 2139
62 75 603
62 77 2086
62 79 2547
62 82 1635
62 83 1510
62 84 1474
62 85 2704
62 86 2581
62 89 2277
62 90 585
62 93 402
63 64 2170
63 66 41
63 68 430
64 65 138
64 66 1647
64 67 589
64 68 827
64 69 445
64 70 331
64 71 1954
64 72 154
64 73 2299
64 76 40
64 78 94
64 80 83
64 81 2957
64 82 2531
64 86 1422
64 87 794
64 88 2287
65 66 2089
65 68 1495
65 70 1086
65 71 2507
66 67 1978
66 69 1671
66 73 2931
66 79 920
66 82 1679
66 84 372
66 85 2896
66 87 2990
66 89 356
66 90 1085
66 92 2916
66 93 2930
66 94 121
66 95 2727
66 96 2649
67 68 1997
67 69 889
67 71 2963
67 74 2
67 76 1118
67 78 73
67 79 2447
67 80 20
68 69 1628
68 70 1050
68 73 2790
68 74 1703
68 75 1871
68 76 423
68 81 2364
68 82 667
68 87 429
68 90 2994
68 92 121
68 93 2377
68 94 2152
69 70 1431
69 72 138
69 73 533
69 77 1071
69 78 72
69 82 1849
70 71 1435
71 72 488
71 74 1638
71 77 926
71 78 1272
71 79 212
71 82 258
72 73 2399
72 74 2837
72 75 212
72 76 289
72 78 672
72 81 2807
72 82 2771
72 83 2152
72 85 2109
72 86 548
72 88 808
73 74 2871
73 77 1856
73 78 1796
73 80 2450
73 81 1567
73 82 1227
