1	10	0.1	100	45969537	2.57 %
1	10	0.1	200	87076967	2.31 %
1	10	0.1	300	128184096	2.07 %
1	10	0.1	400	154282977	2.04 %
1	10	0.1	500	156186984	2.04 %
1	10	0.1	600	156186984	2.04 %
2	10	0.1	100	274075714	1.71 %
2	10	0.1	200	529101771	1.6 %
2	10	0.1	300	784128331	1.51 %
2	10	0.1	400	1039155047	1.44 %
2	10	0.1	500	1294181615	1.36 %
2	10	0.1	600	1549207931	1.28 %
3	10	0.1	100	566053478	1.58 %
3	10	0.1	200	1098186526	1.53 %
3	10	0.1	300	1630319749	1.48 %
3	10	0.1	400	2162452744	1.44 %
3	10	0.1	500	2694586086	1.4 %
3	10	0.1	600	3226719328	1.36 %
4	10	0.1	100	1108192558	1.29 %
4	10	0.1	200	2156763176	1.27 %
4	10	0.1	300	3205333658	1.25 %
4	10	0.1	400	4253903817	1.22 %
4	10	0.1	500	5302474182	1.2 %
4	10	0.1	600	6351044682	1.18 %
5	10	0.1	100	6668856070	1.08 %
5	10	0.1	200	13123816790	1.06 %
5	10	0.1	300	19578777579	1.04 %
5	10	0.1	400	26033738157	1.03 %
5	10	0.1	500	32488698672	1.01 %
5	10	0.1	600	38943659174	0.99 %
6	10	0.1	100	7563505564	1.14 %
6	10	0.1	200	14904260636	1.13 %
6	10	0.1	300	22245015733	1.12 %
6	10	0.1	400	29585770765	1.11 %
6	10	0.1	500	36926526134	1.1 %
6	10	0.1	600	44267281382	1.09 %
7	10	0.1	100	7786849363	0.94 %
7	10	0.1	200	15311975369	0.93 %
7	10	0.1	300	22837101296	0.93 %
7	10	0.1	400	30362227322	0.92 %
7	10	0.1	500	37887353415	0.91 %
7	10	0.1	600	45412479486	0.91 %
8	10	0.1	100	15884547139	0.78 %
8	10	0.1	200	22818932753	0.78 %
8	10	0.1	300	34050524878	0.77 %
8	10	0.1	400	45282117007	0.77 %
8	10	0.1	500	56513709173	0.76 %
8	10	0.1	600	67745301407	0.76 %
9	10	0.1	100	29890480551	0.74 %
9	10	0.1	200	59121058101	0.73 %
9	10	0.1	300	88351635300	0.73 %
9	10	0.1	400	117582213000	0.72 %
9	10	0.1	500	146812790407	0.72 %
9	10	0.1	600	176043367657	0.72 %

