100 0 2500
99 0 1372
0 1 1578
1 50 939
1 51 2058
1 52 1024
1 53 776
1 54 2413
1 55 255
1 56 2363
1 57 1243
1 58 289
1 59 2299
1 60 1451
1 61 2744
1 62 2058
1 63 328
1 64 1120
1 65 994
1 66 1379
1 67 1287
1 68 2112
1 69 10
1 70 2732
1 71 675
1 72 893
1 73 2093
1 74 1499
1 75 2027
1 76 2197
1 77 1468
1 78 1964
1 79 2552
1 80 1510
1 81 2085
1 82 2736
1 83 1598
1 84 336
1 85 1919
1 86 2248
1 87 768
1 88 1445
1 89 2233
1 90 2175
1 91 416
1 92 136
1 93 2815
1 94 1921
1 95 1091
1 96 1062
1 97 1995
1 98 1747
0 2 2127
2 50 219
2 51 2490
2 52 2588
2 53 1050
2 54 2370
2 55 2611
2 56 198
2 57 842
2 58 455
2 59 2290
2 60 1964
2 61 227
2 62 1352
2 63 566
2 64 2469
2 65 1207
2 66 2847
2 67 766
2 68 1794
2 69 1910
2 70 2693
2 71 499
2 72 1489
2 73 532
2 74 1251
2 75 2861
2 76 1206
2 77 1697
2 78 491
2 79 2827
2 80 2138
2 81 960
2 82 2896
2 83 2743
2 84 660
2 85 1410
2 86 1265
2 87 143
2 88 1896
2 89 409
2 90 2407
2 91 1709
2 92 372
2 93 437
2 94 1336
2 95 2179
2 96 2448
2 97 1769
2 98 751
0 3 339
3 50 1841
3 51 1336
3 52 2408
3 53 1864
3 54 1240
3 55 2572
3 56 344
3 57 794
3 58 879
3 59 1329
3 60 2926
3 61 2787
3 62 2759
3 63 138
3 64 1239
3 65 1946
3 66 273
3 67 2018
3 68 2525
3 69 1101
3 70 44
3 71 2906
3 72 110
3 73 753
3 74 1961
3 75 1456
3 76 655
3 77 1657
3 78 701
3 79 442
3 80 470
3 81 2043
3 82 2377
3 83 2403
3 84 1202
3 85 1917
3 86 1413
3 87 1346
3 88 1336
3 89 623
3 90 327
3 91 2382
3 92 2673
3 93 932
3 94 1721
3 95 58
3 96 1274
3 97 2394
3 98 555
0 4 901
4 50 2284
4 51 1440
4 52 1594
4 53 1259
4 54 1541
4 55 1876
4 56 2873
4 57 2928
4 58 1012
4 59 865
4 60 28
4 61 387
4 62 1754
4 63 2316
4 64 487
4 65 1486
4 66 436
4 67 762
4 68 703
4 69 2470
4 70 300
4 71 297
4 72 2931
4 73 972
4 74 953
4 75 2010
4 76 1464
4 77 264
4 78 434
4 79 1521
4 80 710
4 81 2555
4 82 2679
4 83 1783
4 84 2112
4 85 1434
4 86 2756
4 87 170
4 88 2566
4 89 2754
4 90 2116
4 91 103
4 92 2798
4 93 249
4 94 1524
4 95 2033
4 96 997
4 97 58
4 98 2412
0 5 508
5 50 2010
5 51 26
5 52 1
5 53 1296
5 54 1406
5 55 2194
5 56 1781
5 57 2142
5 58 926
5 59 1307
5 60 779
5 61 1680
5 62 2031
5 63 385
5 64 413
5 65 2290
5 66 636
5 67 485
5 68 2798
5 69 2334
5 70 1528
5 71 726
5 72 943
5 73 2171
5 74 502
5 75 2382
5 76 1473
5 77 1657
5 78 862
5 79 2511
5 80 2314
5 81 520
5 82 668
5 83 2985
5 84 1174
5 85 965
5 86 2875
5 87 135
5 88 2593
5 89 2256
5 90 474
5 91 1344
5 92 1969
5 93 2668
5 94 1672
5 95 1910
5 96 71
5 97 1275
5 98 293
0 6 1342
6 50 1355
6 51 1383
6 52 2726
6 53 2915
6 54 733
6 55 2170
6 56 50
6 57 834
6 58 1407
6 59 139
6 60 1316
6 61 2726
6 62 1897
6 63 2407
6 64 436
6 65 2369
6 66 564
6 67 606
6 68 702
6 69 633
6 70 622
6 71 1267
6 72 1575
6 73 2493
6 74 983
6 75 1003
6 76 2168
6 77 707
6 78 1189
6 79 582
6 80 661
6 81 1352
6 82 173
6 83 115
6 84 1817
6 85 2807
6 86 2746
6 87 2064
6 88 2824
6 89 74
6 90 2347
6 91 569
6 92 2759
6 93 1401
6 94 2927
6 95 773
6 96 237
6 97 2174
6 98 1708
0 7 2315
7 50 1075
7 51 2793
7 52 29
7 53 2013
7 54 1222
7 55 2943
7 56 1595
7 57 1950
7 58 700
7 59 113
7 60 1063
7 61 2698
7 62 2878
7 63 2572
7 64 2212
7 65 2323
7 66 2103
7 67 2187
7 68 1764
7 69 1985
7 70 2474
7 71 1470
7 72 1373
7 73 1580
7 74 407
7 75 123
7 76 1375
7 77 1710
7 78 2642
7 79 31
7 80 2466
7 81 574
7 82 2335
7 83 2239
7 84 1780
7 85 2936
7 86 2111
7 87 1802
7 88 589
7 89 2296
7 90 115
7 91 1669
7 92 1319
7 93 2631
7 94 507
7 95 1813
7 96 2557
7 97 1760
7 98 235
0 8 2774
8 50 343
8 51 1292
8 52 1468
8 53 2523
8 54 2221
8 55 1497
8 56 1683
8 57 2188
8 58 351
8 59 43
8 60 2108
8 61 1627
8 62 1311
8 63 1585
8 64 2059
8 65 1131
8 66 274
8 67 2514
8 68 2562
8 69 1704
8 70 1740
8 71 878
8 72 2695
8 73 322
8 74 229
8 75 1523
8 76 1148
8 77 2430
8 78 1076
8 79 1852
8 80 2670
8 81 1610
8 82 2817
8 83 378
8 84 1398
8 85 2840
8 86 2630
8 87 239
8 88 2357
8 89 2179
8 90 2802
8 91 2325
8 92 968
8 93 2871
8 94 1359
8 95 1365
8 96 1888
8 97 927
8 98 1720
0 9 1443
9 50 2194
9 51 165
9 52 526
9 53 862
9 54 1676
9 55 1370
9 56 772
9 57 23
9 58 799
9 59 2864
9 60 828
9 61 164
9 62 881
9 63 2192
9 64 1053
9 65 228
9 66 20
9 67 1869
9 68 439
9 69 1971
9 70 2446
9 71 287
9 72 1946
9 73 2583
9 74 2165
9 75 2808
9 76 155
9 77 579
9 78 1110
9 79 1887
9 80 1264
9 81 2575
9 82 2355
9 83 2685
9 84 2606
9 85 762
9 86 515
9 87 2163
9 88 1456
9 89 1408
9 90 970
9 91 934
9 92 1226
9 93 610
9 94 1305
9 95 2362
9 96 2950
9 97 2726
9 98 1063
0 10 377
10 50 431
10 51 504
10 52 1852
10 53 2381
10 54 2468
10 55 812
10 56 2741
10 57 2293
10 58 1204
10 59 2132
10 60 2992
10 61 341
10 62 2871
10 63 2591
10 64 1290
10 65 604
10 66 1040
10 67 1223
10 68 2908
10 69 1549
10 70 2874
10 71 454
10 72 2545
10 73 1881
10 74 943
10 75 2421
10 76 2057
10 77 939
10 78 1692
10 79 2714
10 80 773
10 81 2677
10 82 934
10 83 1449
10 84 2760
10 85 2838
10 86 455
10 87 1220
10 88 74
10 89 400
10 90 2261
10 91 507
10 92 859
10 93 1693
10 94 950
10 95 2443
10 96 2071
10 97 704
10 98 2259
0 11 546
11 50 563
11 51 1076
11 52 31
11 53 52
11 54 393
11 55 156
11 56 1571
11 57 1854
11 58 381
11 59 2104
11 60 2756
11 61 1797
11 62 2214
11 63 1613
11 64 2167
11 65 115
11 66 778
11 67 1112
11 68 90
11 69 2226
11 70 1864
11 71 593
11 72 2361
11 73 1856
11 74 927
11 75 1189
11 76 1731
11 77 532
11 78 268
11 79 1570
11 80 1791
11 81 2963
11 82 712
11 83 935
11 84 2399
11 85 1582
11 86 2730
11 87 965
11 88 34
11 89 663
11 90 859
11 91 2543
11 92 660
11 93 1905
11 94 319
11 95 283
11 96 331
11 97 2161
11 98 832
0 12 1057
12 50 1092
12 51 2200
12 52 873
12 53 2644
12 54 604
12 55 2834
12 56 882
12 57 1421
12 58 394
12 59 1640
12 60 2377
12 61 686
12 62 2728
12 63 662
12 64 386
12 65 2661
12 66 740
12 67 2030
12 68 235
12 69 563
12 70 2742
12 71 306
12 72 365
12 73 322
12 74 1466
12 75 2594
12 76 691
12 77 1521
12 78 463
12 79 1
12 80 810
12 81 2002
12 82 1904
12 83 2963
12 84 1411
12 85 1298
12 86 1687
12 87 193
12 88 2213
12 89 592
12 90 949
12 91 2616
12 92 2992
12 93 2295
12 94 1948
12 95 1568
12 96 430
12 97 582
12 98 666
0 13 861
13 50 1907
13 51 289
13 52 1503
13 53 2911
13 54 773
13 55 1532
13 56 1036
13 57 2112
13 58 147
13 59 1131
13 60 29
13 61 952
13 62 2955
13 63 2573
13 64 638
13 65 2029
13 66 1571
13 67 690
13 68 1195
13 69 1119
13 70 2291
13 71 2525
13 72 861
13 73 2805
13 74 1733
13 75 2003
13 76 1090
13 77 865
13 78 2270
13 79 1015
13 80 2959
13 81 1639
13 82 2683
13 83 366
13 84 1183
13 85 992
13 86 1409
13 87 670
13 88 34
13 89 2198
13 90 1026
13 91 2858
13 92 271
13 93 2134
13 94 2009
13 95 2266
13 96 2761
13 97 602
13 98 222
0 14 2514
14 50 1627
14 51 1318
14 52 2202
14 53 426
14 54 428
14 55 232
14 56 2916
14 57 2129
14 58 276
14 59 1274
14 60 2435
14 61 218
14 62 2631
14 63 2394
14 64 2795
14 65 437
14 66 112
14 67 911
14 68 1263
14 69 775
14 70 1677
14 71 1646
14 72 2232
14 73 1125
14 74 304
14 75 2126
14 76 1104
14 77 773
14 78 2537
14 79 321
14 80 1739
14 81 937
14 82 2184
14 83 2860
14 84 328
14 85 389
14 86 914
14 87 536
14 88 985
14 89 818
14 90 1575
14 91 1080
14 92 2825
14 93 2083
14 94 746
14 95 1745
14 96 886
14 97 860
14 98 1247
0 15 2092
15 50 1942
15 51 1315
15 52 1239
15 53 2610
15 54 37
15 55 509
15 56 963
15 57 1363
15 58 1411
15 59 1051
15 60 1219
15 61 751
15 62 497
15 63 2268
15 64 1306
15 65 2765
15 66 1675
15 67 665
15 68 417
15 69 2650
15 70 2679
15 71 2886
15 72 1236
15 73 907
15 74 728
15 75 590
15 76 1981
15 77 2769
15 78 2869
15 79 1750
15 80 79
15 81 984
15 82 2374
15 83 1823
15 84 304
15 85 2663
15 86 1630
15 87 2968
15 88 400
15 89 290
15 90 1529
15 91 1148
15 92 1985
15 93 637
15 94 2103
15 95 375
15 96 2950
15 97 341
15 98 959
0 16 1665
16 50 2507
16 51 238
16 52 1961
16 53 1432
16 54 650
16 55 2247
16 56 589
16 57 1998
16 58 942
16 59 2623
16 60 1544
16 61 2770
16 62 292
16 63 1777
16 64 268
16 65 282
16 66 771
16 67 2601
16 68 419
16 69 1829
16 70 2427
16 71 1263
16 72 629
16 73 1777
16 74 2636
16 75 2889
16 76 387
16 77 850
16 78 2629
16 79 2274
16 80 2434
16 81 1726
16 82 1599
16 83 1870
16 84 693
16 85 2188
16 86 78
16 87 732
16 88 2530
16 89 2802
16 90 2228
16 91 909
16 92 1955
16 93 672
16 94 172
16 95 865
16 96 317
16 97 1260
16 98 2602
0 17 5
17 50 76
17 51 507
17 52 1620
17 53 2198
17 54 2349
17 55 2637
17 56 1028
17 57 2334
17 58 138
17 59 931
17 60 1194
17 61 1470
17 62 1471
17 63 2620
17 64 2080
17 65 963
17 66 60
17 67 626
17 68 2118
17 69 1164
17 70 616
17 71 1425
17 72 2254
17 73 2802
17 74 2507
17 75 2593
17 76 769
17 77 2059
17 78 2156
17 79 795
17 80 2331
17 81 1548
17 82 341
17 83 1992
17 84 2158
17 85 2977
17 86 1437
17 87 2485
17 88 1269
17 89 1208
17 90 1592
17 91 162
17 92 1368
17 93 1637
17 94 2894
17 95 813
17 96 2191
17 97 459
17 98 1744
0 18 1809
18 50 931
18 51 290
18 52 2876
18 53 1666
18 54 1804
18 55 1912
18 56 826
18 57 1090
18 58 2803
18 59 2551
18 60 1067
18 61 2037
18 62 1311
18 63 48
18 64 1570
18 65 2075
18 66 1424
18 67 594
18 68 1145
18 69 2965
18 70 2654
18 71 1403
18 72 665
18 73 2815
18 74 2033
18 75 629
18 76 1058
18 77 479
18 78 2651
18 79 2258
18 80 851
18 81 2002
18 82 2210
18 83 329
18 84 1071
18 85 1904
18 86 1358
18 87 2909
18 88 369
18 89 941
18 90 1323
18 91 630
18 92 1436
18 93 1624
18 94 2721
18 95 282
18 96 1036
18 97 1329
18 98 1351
0 19 62
19 50 1371
19 51 1175
19 52 1360
19 53 460
19 54 1949
19 55 55
19 56 2260
19 57 1534
19 58 2682
19 59 259
19 60 1037
19 61 402
19 62 583
19 63 1018
19 64 1901
19 65 2247
19 66 1209
19 67 40
19 68 150
19 69 2894
19 70 2791
19 71 1679
19 72 2119
19 73 1142
19 74 958
19 75 825
19 76 318
19 77 540
19 78 1977
19 79 2837
19 80 2519
19 81 2057
19 82 2554
19 83 994
19 84 1885
19 85 317
19 86 2440
19 87 858
19 88 96
19 89 512
19 90 2425
19 91 1771
19 92 1911
19 93 2004
19 94 664
19 95 331
19 96 1679
19 97 2786
19 98 822
0 20 2197
20 50 1988
20 51 514
20 52 1056
20 53 1889
20 54 2880
20 55 708
20 56 2593
20 57 2424
20 58 940
20 59 1932
20 60 2399
20 61 1675
20 62 2000
20 63 329
20 64 1319
20 65 1155
20 66 2236
20 67 1801
20 68 33
20 69 678
20 70 1097
20 71 2385
20 72 1224
20 73 871
20 74 698
20 75 937
20 76 1517
20 77 1923
20 78 1164
20 79 1236
20 80 2974
20 81 2172
20 82 817
20 83 2837
20 84 295
20 85 1246
20 86 2100
20 87 685
20 88 272
20 89 2353
20 90 2757
20 91 450
20 92 2620
20 93 2135
20 94 956
20 95 843
20 96 1866
20 97 2065
20 98 874
0 21 2875
21 50 2751
21 51 1862
21 52 615
21 53 973
21 54 1371
21 55 667
21 56 1316
21 57 262
21 58 184
21 59 1894
21 60 2896
21 61 967
21 62 1038
21 63 630
21 64 33
21 65 2970
21 66 424
21 67 313
21 68 2744
21 69 2881
21 70 1357
21 71 83
21 72 1276
21 73 768
21 74 1577
21 75 2711
21 76 985
21 77 2689
21 78 1117
21 79 1382
21 80 1400
21 81 631
21 82 2743
21 83 1819
21 84 2826
21 85 2188
21 86 2344
21 87 1275
21 88 1550
21 89 2409
21 90 2005
21 91 2814
21 92 55
21 93 2701
21 94 211
21 95 1050
21 96 2553
21 97 429
21 98 505
0 22 1075
22 50 1649
22 51 19
22 52 1838
22 53 755
22 54 2095
22 55 809
22 56 2870
22 57 2826
22 58 1220
22 59 730
22 60 1611
22 61 2337
22 62 2999
22 63 41
22 64 2010
22 65 2937
22 66 1521
22 67 2868
22 68 391
22 69 2331
22 70 183
22 71 116
22 72 43
22 73 2828
22 74 938
22 75 1539
22 76 781
22 77 433
22 78 1626
22 79 1260
22 80 855
22 81 2238
22 82 691
22 83 2949
22 84 1301
22 85 66
22 86 1401
22 87 1044
22 88 565
22 89 1311
22 90 2173
22 91 999
22 92 1142
22 93 1806
22 94 626
22 95 2442
22 96 2902
22 97 2249
22 98 635
0 23 367
23 50 857
23 51 255
23 52 1874
23 53 1106
23 54 255
23 55 510
23 56 170
23 57 2739
23 58 148
23 59 1738
23 60 2401
23 61 909
23 62 2912
23 63 1268
23 64 688
23 65 2616
23 66 623
23 67 2910
23 68 230
23 69 2555
23 70 1743
23 71 1633
23 72 1330
23 73 860
23 74 1158
23 75 136
23 76 951
23 77 792
23 78 2348
23 79 2852
23 80 2535
23 81 2897
23 82 1267
23 83 1258
23 84 1784
23 85 2520
23 86 2419
23 87 468
23 88 1688
23 89 2241
23 90 1595
23 91 91
23 92 2242
23 93 840
23 94 845
23 95 182
23 96 2062
23 97 1769
23 98 435
0 24 755
24 50 1464
24 51 2841
24 52 1800
24 53 2880
24 54 1504
24 55 2901
24 56 903
24 57 2714
24 58 49
24 59 2658
24 60 1848
24 61 2069
24 62 52
24 63 1613
24 64 2159
24 65 2104
24 66 955
24 67 2104
24 68 2811
24 69 1698
24 70 453
24 71 946
24 72 2799
24 73 2724
24 74 1791
24 75 1910
24 76 918
24 77 91
24 78 249
24 79 2429
24 80 324
24 81 789
24 82 1586
24 83 1376
24 84 2494
24 85 483
24 86 1924
24 87 2588
24 88 1309
24 89 1297
24 90 836
24 91 2963
24 92 208
24 93 1373
24 94 2266
24 95 453
24 96 661
24 97 1621
24 98 1437
0 25 1137
25 50 625
25 51 1689
25 52 926
25 53 1737
25 54 107
25 55 1681
25 56 1789
25 57 1484
25 58 2601
25 59 2495
25 60 2857
25 61 100
25 62 1794
25 63 1796
25 64 1184
25 65 2914
25 66 752
25 67 2703
25 68 2090
25 69 668
25 70 641
25 71 1076
25 72 1265
25 73 2482
25 74 2027
25 75 2048
25 76 1039
25 77 1728
25 78 2826
25 79 962
25 80 2168
25 81 2115
25 82 2152
25 83 1279
25 84 290
25 85 1261
25 86 2551
25 87 1262
25 88 636
25 89 306
25 90 1434
25 91 2318
25 92 2574
25 93 2733
25 94 2967
25 95 799
25 96 1202
25 97 553
25 98 2209
0 26 2854
26 50 361
26 51 1318
26 52 2889
26 53 507
26 54 1262
26 55 86
26 56 2938
26 57 1610
26 58 1300
26 59 1460
26 60 709
26 61 1613
26 62 1601
26 63 1184
26 64 1703
26 65 1255
26 66 2422
26 67 451
26 68 1618
26 69 1222
26 70 1706
26 71 1123
26 72 1636
26 73 2707
26 74 1828
26 75 2443
26 76 40
26 77 441
26 78 2946
26 79 1534
26 80 2520
26 81 287
26 82 2309
26 83 2048
26 84 2915
26 85 1883
26 86 1420
26 87 737
26 88 2589
26 89 2971
26 90 1081
26 91 470
26 92 1203
26 93 1160
26 94 1080
26 95 2325
26 96 2284
26 97 2713
26 98 2610
0 27 807
27 50 1765
27 51 1718
27 52 420
27 53 2051
27 54 2471
27 55 571
27 56 2199
27 57 1968
27 58 1495
27 59 2123
27 60 2832
27 61 2806
27 62 2400
27 63 1117
27 64 2809
27 65 2352
27 66 2343
27 67 1652
27 68 2436
27 69 235
27 70 387
27 71 359
27 72 2297
27 73 1219
27 74 1615
27 75 1792
27 76 2971
27 77 2280
27 78 1020
27 79 2158
27 80 31
27 81 1417
27 82 693
27 83 11
27 84 2051
27 85 2695
27 86 359
27 87 2873
27 88 575
27 89 2889
27 90 1049
27 91 2891
27 92 2893
27 93 329
27 94 2427
27 95 1704
27 96 1894
27 97 1109
27 98 2203
0 28 2497
28 50 2306
28 51 711
28 52 981
28 53 1982
28 54 1285
28 55 2395
28 56 2001
28 57 1568
28 58 537
28 59 242
28 60 2333
28 61 2361
28 62 1969
28 63 2738
28 64 362
28 65 2911
28 66 1298
28 67 2024
28 68 737
28 69 1670
28 70 1059
28 71 586
28 72 2366
28 73 2069
28 74 1032
28 75 2135
28 76 1596
28 77 2882
28 78 343
28 79 733
28 80 2326
28 81 2154
28 82 258
28 83 2874
28 84 2498
28 85 2448
28 86 1083
28 87 253
28 88 245
28 89 1424
28 90 1570
28 91 2283
28 92 1861
28 93 2964
28 94 1787
28 95 2120
28 96 761
28 97 975
28 98 1598
0 29 2985
29 50 673
29 51 910
29 52 635
29 53 960
29 54 2507
29 55 2645
29 56 21
29 57 133
29 58 2611
29 59 936
29 60 2033
29 61 79
29 62 1490
29 63 990
29 64 1452
29 65 2003
29 66 538
29 67 927
29 68 470
29 69 2703
29 70 2890
29 71 936
29 72 1764
29 73 2538
29 74 1140
29 75 830
29 76 2650
29 77 2081
29 78 425
29 79 459
29 80 2189
29 81 2877
29 82 2227
29 83 1970
29 84 2571
29 85 1890
29 86 144
29 87 1409
29 88 2259
29 89 2668
29 90 2942
29 91 338
29 92 2034
29 93 88
29 94 1305
29 95 1323
29 96 1412
29 97 2696
29 98 1900
0 30 2076
30 50 1746
30 51 2149
30 52 721
30 53 827
30 54 845
30 55 1138
30 56 2022
30 57 155
30 58 2995
30 59 1338
30 60 705
30 61 2010
30 62 930
30 63 2470
30 64 2565
30 65 1950
30 66 582
30 67 2453
30 68 1506
30 69 837
30 70 2271
30 71 1826
30 72 1620
30 73 218
30 74 2457
30 75 1194
30 76 1865
30 77 1493
30 78 1221
30 79 1362
30 80 80
30 81 2699
30 82 1265
30 83 79
30 84 2092
30 85 234
30 86 1451
30 87 1893
30 88 1855
30 89 2315
30 90 755
30 91 1578
30 92 1787
30 93 1120
30 94 865
30 95 873
30 96 2819
30 97 1711
30 98 2737
0 31 883
31 50 95
31 51 726
31 52 962
31 53 1498
31 54 788
31 55 2600
31 56 2048
31 57 1471
31 58 1140
31 59 2693
31 60 2462
31 61 2468
31 62 2503
31 63 165
31 64 1725
31 65 2403
31 66 1013
31 67 714
31 68 2758
31 69 1721
31 70 1404
31 71 2476
31 72 1327
31 73 2990
31 74 2457
31 75 1323
31 76 2535
31 77 160
31 78 2702
31 79 2674
31 80 2117
31 81 2286
31 82 2134
31 83 2583
31 84 2623
31 85 1179
31 86 2004
31 87 380
31 88 1537
31 89 1539
31 90 1116
31 91 1534
31 92 2904
31 93 2534
31 94 1508
31 95 1578
31 96 1196
31 97 540
31 98 2975
0 32 2005
32 50 856
32 51 1838
32 52 1528
32 53 1945
32 54 2298
32 55 535
32 56 624
32 57 1140
32 58 49
32 59 1733
32 60 1867
32 61 1357
32 62 2229
32 63 107
32 64 1778
32 65 2756
32 66 679
32 67 1533
32 68 285
32 69 2053
32 70 736
32 71 1209
32 72 2691
32 73 1373
32 74 1948
32 75 1877
32 76 91
32 77 693
32 78 910
32 79 1262
32 80 536
32 81 1539
32 82 1881
32 83 1682
32 84 606
32 85 275
32 86 2914
32 87 1978
32 88 589
32 89 2782
32 90 1896
32 91 447
32 92 2024
32 93 2665
32 94 1161
32 95 339
32 96 2070
32 97 1324
32 98 194
0 33 1697
33 50 2913
33 51 195
33 52 2379
33 53 2892
33 54 1318
33 55 385
33 56 810
33 57 2106
33 58 2389
33 59 581
33 60 1788
33 61 276
33 62 648
33 63 700
33 64 2890
33 65 2601
33 66 1708
33 67 123
33 68 2302
33 69 1660
33 70 56
33 71 593
33 72 1509
33 73 478
33 74 796
33 75 940
33 76 491
33 77 1490
33 78 643
33 79 2731
33 80 2124
33 81 338
33 82 979
33 83 693
33 84 1729
33 85 743
33 86 1401
33 87 1386
33 88 472
33 89 1369
33 90 1918
33 91 1047
33 92 1731
33 93 1570
33 94 1741
33 95 2837
33 96 491
33 97 285
33 98 2522
0 34 850
34 50 1441
34 51 28
34 52 1911
34 53 254
34 54 2586
34 55 1944
34 56 1338
34 57 745
34 58 2950
34 59 2298
34 60 181
34 61 2172
34 62 323
34 63 463
34 64 1687
34 65 1721
34 66 914
34 67 569
34 68 1434
34 69 1405
34 70 363
34 71 2348
34 72 560
34 73 1800
34 74 2651
34 75 1496
34 76 1552
34 77 24
34 78 217
34 79 1948
34 80 1031
34 81 1876
34 82 2886
34 83 2909
34 84 2732
34 85 2726
34 86 149
34 87 276
34 88 1694
34 89 2410
34 90 1828
34 91 1190
34 92 1620
34 93 2726
34 94 289
34 95 2976
34 96 1401
34 97 472
34 98 32
0 35 1475
35 50 897
35 51 12
35 52 803
35 53 2999
35 54 1300
35 55 363
35 56 255
35 57 611
35 58 2708
35 59 2572
35 60 2661
35 61 2259
35 62 1931
35 63 788
35 64 2239
35 65 539
35 66 63
35 67 952
35 68 1363
35 69 1333
35 70 2911
35 71 322
35 72 1132
35 73 2502
35 74 1110
35 75 249
35 76 2674
35 77 984
35 78 1450
35 79 640
35 80 993
35 81 2267
35 82 1902
35 83 2385
35 84 193
35 85 56
35 86 1715
35 87 2749
35 88 1580
35 89 1267
35 90 1056
35 91 285
35 92 2345
35 93 2028
35 94 2816
35 95 1192
35 96 1368
35 97 1333
35 98 429
0 36 1303
36 50 2103
36 51 1280
36 52 2905
36 53 2969
36 54 500
36 55 2436
36 56 2715
36 57 2001
36 58 2533
36 59 1857
36 60 668
36 61 2644
36 62 118
36 63 2607
36 64 2581
36 65 2136
36 66 1959
36 67 2269
36 68 208
36 69 1869
36 70 1277
36 71 2950
36 72 1743
36 73 2477
36 74 2356
36 75 636
36 76 2092
36 77 316
36 78 1381
36 79 421
36 80 1107
36 81 778
36 82 265
36 83 203
36 84 67
36 85 2731
36 86 1854
36 87 2781
36 88 1874
36 89 1036
36 90 1325
36 91 2032
36 92 705
36 93 611
36 94 2484
36 95 1908
36 96 235
36 97 888
36 98 1235
0 37 2401
37 50 1
37 51 1707
37 52 645
37 53 1366
37 54 50
37 55 730
37 56 2718
37 57 1218
37 58 1661
37 59 1368
37 60 2349
37 61 2915
37 62 2644
37 63 949
37 64 834
37 65 1479
37 66 628
37 67 423
37 68 1816
37 69 1372
37 70 2604
37 71 2341
37 72 1674
37 73 1575
37 74 69
37 75 1104
37 76 1020
37 77 1991
37 78 1223
37 79 1589
37 80 2309
37 81 974
37 82 1863
37 83 230
37 84 415
37 85 282
37 86 1970
37 87 1402
37 88 1526
37 89 1596
37 90 1338
37 91 2638
37 92 775
37 93 2944
37 94 1124
37 95 1664
37 96 698
37 97 2900
37 98 2774
0 38 583
38 50 2861
38 51 1306
38 52 2457
38 53 1715
38 54 2862
38 55 1486
38 56 929
38 57 604
38 58 1359
38 59 1482
38 60 1609
38 61 2597
38 62 814
38 63 765
38 64 610
38 65 61
38 66 285
38 67 116
38 68 541
38 69 1893
38 70 2816
38 71 963
38 72 33
38 73 2353
38 74 2816
38 75 2421
38 76 2189
38 77 1491
38 78 1218
38 79 536
38 80 2504
38 81 1521
38 82 1230
38 83 2905
38 84 2226
38 85 1408
38 86 89
38 87 1758
38 88 1664
38 89 2736
38 90 2427
38 91 2967
38 92 1555
38 93 1493
38 94 2665
38 95 2048
38 96 330
38 97 1892
38 98 2204
0 39 2272
39 50 925
39 51 652
39 52 1200
39 53 1314
39 54 670
39 55 1282
39 56 2256
39 57 577
39 58 2805
39 59 1921
39 60 537
39 61 2365
39 62 244
39 63 1103
39 64 2588
39 65 2429
39 66 1402
39 67 2508
39 68 2472
39 69 183
39 70 2163
39 71 252
39 72 1796
39 73 2891
39 74 2462
39 75 2659
39 76 1750
39 77 1592
39 78 379
39 79 1651
39 80 2404
39 81 2233
39 82 1242
39 83 1939
39 84 241
39 85 626
39 86 866
39 87 90
39 88 1227
39 89 2236
39 90 783
39 91 308
39 92 1648
39 93 633
39 94 2213
39 95 300
39 96 2433
39 97 543
39 98 378
0 40 1076
40 50 802
40 51 909
40 52 876
40 53 2756
40 54 1776
40 55 211
40 56 1867
40 57 1601
40 58 373
40 59 1404
40 60 111
40 61 423
40 62 2189
40 63 1398
40 64 1149
40 65 335
40 66 1580
40 67 1797
40 68 2351
40 69 444
40 70 1682
40 71 2838
40 72 2046
40 73 1578
40 74 213
40 75 1983
40 76 1527
40 77 1477
40 78 254
40 79 2526
40 80 407
40 81 30
40 82 2040
40 83 2752
40 84 1609
40 85 2189
40 86 1266
40 87 2794
40 88 1083
40 89 23
40 90 441
40 91 226
40 92 1374
40 93 113
40 94 1463
40 95 1671
40 96 2170
40 97 2006
40 98 816
0 41 1325
41 50 149
41 51 863
41 52 613
41 53 1216
41 54 1648
41 55 667
41 56 122
41 57 1318
41 58 2068
41 59 1431
41 60 2444
41 61 1242
41 62 1308
41 63 782
41 64 1580
41 65 249
41 66 83
41 67 2053
41 68 347
41 69 1575
41 70 1597
41 71 647
41 72 1408
41 73 779
41 74 2738
41 75 2863
41 76 2020
41 77 798
41 78 2781
41 79 1707
41 80 2133
41 81 2737
41 82 2497
41 83 2329
41 84 1026
41 85 1128
41 86 1542
41 87 1728
41 88 2813
41 89 1424
41 90 1097
41 91 193
41 92 1956
41 93 2845
41 94 2918
41 95 1624
41 96 1240
41 97 467
41 98 1222
0 42 2396
42 50 2631
42 51 2450
42 52 2210
42 53 2790
42 54 1963
42 55 2759
42 56 491
42 57 2222
42 58 2573
42 59 462
42 60 237
42 61 2550
42 62 678
42 63 779
42 64 525
42 65 2637
42 66 2664
42 67 1526
42 68 2099
42 69 2073
42 70 336
42 71 342
42 72 2610
42 73 1559
42 74 710
42 75 2251
42 76 1306
42 77 2864
42 78 1027
42 79 1562
42 80 1215
42 81 537
42 82 356
42 83 1934
42 84 2930
42 85 1685
42 86 2471
42 87 2581
42 88 2369
42 89 2060
42 90 543
42 91 113
42 92 2155
42 93 510
42 94 1688
42 95 2345
42 96 1675
42 97 500
42 98 2473
0 43 2587
43 50 379
43 51 873
43 52 2169
43 53 486
43 54 1456
43 55 2390
43 56 2760
43 57 1345
43 58 722
43 59 710
43 60 630
43 61 2085
43 62 305
43 63 1546
43 64 2234
43 65 2560
43 66 619
43 67 554
43 68 2163
43 69 2873
43 70 48
43 71 237
43 72 591
43 73 564
43 74 2846
43 75 2688
43 76 1369
43 77 157
43 78 882
43 79 404
43 80 1830
43 81 486
43 82 1143
43 83 2609
43 84 2781
43 85 512
43 86 1197
43 87 649
43 88 2194
43 89 952
43 90 2305
43 91 2908
43 92 1678
43 93 2039
43 94 1346
43 95 2478
43 96 2048
43 97 2029
43 98 384
0 44 2434
44 50 78
44 51 1726
44 52 2380
44 53 19
44 54 2899
44 55 2327
44 56 2392
44 57 1322
44 58 1524
44 59 1202
44 60 495
44 61 214
44 62 2509
44 63 926
44 64 1629
44 65 265
44 66 953
44 67 2940
44 68 2721
44 69 1197
44 70 1800
44 71 2543
44 72 2540
44 73 127
44 74 1743
44 75 1690
44 76 101
44 77 1346
44 78 1998
44 79 1113
44 80 723
44 81 2747
44 82 2751
44 83 682
44 84 378
44 85 1245
44 86 1211
44 87 1702
44 88 2483
44 89 2543
44 90 932
44 91 1912
44 92 950
44 93 527
44 94 409
44 95 413
44 96 1067
44 97 1281
44 98 1837
0 45 1526
45 50 2603
45 51 1329
45 52 2472
45 53 1706
45 54 1465
45 55 1093
45 56 1091
45 57 1120
45 58 289
45 59 854
45 60 795
45 61 307
45 62 414
45 63 623
45 64 2657
45 65 1487
45 66 1959
45 67 1244
45 68 2612
45 69 2616
45 70 2992
45 71 1895
45 72 2473
45 73 98
45 74 1201
45 75 2774
45 76 1018
45 77 1280
45 78 1947
45 79 249
45 80 1775
45 81 2375
45 82 1219
45 83 1076
45 84 2369
45 85 355
45 86 2624
45 87 2476
45 88 1185
45 89 540
45 90 2389
45 91 878
45 92 512
45 93 230
45 94 162
45 95 1979
45 96 2395
45 97 580
45 98 1423
0 46 2503
46 50 62
46 51 2213
46 52 2312
46 53 2586
46 54 7
46 55 1633
46 56 2888
46 57 2082
46 58 2643
46 59 466
46 60 37
46 61 363
46 62 862
46 63 821
46 64 2607
46 65 2235
46 66 2825
46 67 1697
46 68 1776
46 69 1529
46 70 942
46 71 1341
46 72 2187
46 73 693
46 74 2181
46 75 2773
46 76 1994
46 77 2333
46 78 638
46 79 2340
46 80 699
46 81 83
46 82 2685
46 83 1190
46 84 1431
46 85 1505
46 86 2003
46 87 881
46 88 269
46 89 1868
46 90 1375
46 91 44
46 92 2157
46 93 2613
46 94 1267
46 95 1039
46 96 82
46 97 2171
46 98 9
0 47 2943
47 50 348
47 51 466
47 52 2728
47 53 1908
47 54 2076
47 55 1951
47 56 2135
47 57 1005
47 58 399
47 59 387
47 60 2815
47 61 80
47 62 1327
47 63 2784
47 64 797
47 65 2888
47 66 2767
47 67 2980
47 68 1918
47 69 885
47 70 886
47 71 2203
47 72 2815
47 73 493
47 74 2689
47 75 1738
47 76 292
47 77 419
47 78 1593
47 79 352
47 80 1334
47 81 775
47 82 1645
47 83 2607
47 84 1119
47 85 173
47 86 2108
47 87 416
47 88 1107
47 89 2823
47 90 1223
47 91 342
47 92 2554
47 93 2798
47 94 195
47 95 1068
47 96 695
47 97 1132
47 98 750
0 48 290
48 50 321
48 51 1296
48 52 1998
48 53 912
48 54 1540
48 55 726
48 56 2853
48 57 923
48 58 2189
48 59 1685
48 60 1840
48 61 2647
48 62 613
48 63 557
48 64 1802
48 65 255
48 66 2399
48 67 2926
48 68 792
48 69 2436
48 70 2079
48 71 1353
48 72 2311
48 73 2976
48 74 2875
48 75 2662
48 76 1031
48 77 1719
48 78 189
48 79 1818
48 80 150
48 81 2925
48 82 775
48 83 2055
48 84 752
48 85 1428
48 86 334
48 87 1867
48 88 721
48 89 245
48 90 728
48 91 1765
48 92 136
48 93 2361
48 94 1973
48 95 2300
48 96 2494
48 97 2339
48 98 2815
0 49 2870
49 50 2642
49 51 181
49 52 2875
49 53 99
49 54 1907
49 55 467
49 56 2126
49 57 265
49 58 2634
49 59 264
49 60 886
49 61 252
49 62 2156
49 63 1597
49 64 461
49 65 1829
49 66 2107
49 67 397
49 68 151
49 69 2779
49 70 2989
49 71 874
49 72 1511
49 73 2412
49 74 1016
49 75 1035
49 76 2510
49 77 2377
49 78 387
49 79 2796
49 80 580
49 81 1430
49 82 2481
49 83 1615
49 84 1511
49 85 2848
49 86 1786
49 87 1963
49 88 1678
49 89 613
49 90 2867
49 91 2140
49 92 225
49 93 1237
49 94 217
49 95 1
49 96 2560
49 97 191
49 98 510
50 99 35
51 99 2839
52 99 2337
53 99 1493
54 99 1019
55 99 37
56 99 573
57 99 603
58 99 2981
59 99 2703
60 99 1985
61 99 1350
62 99 706
63 99 2624
64 99 2311
65 99 489
66 99 1229
67 99 2288
68 99 1322
69 99 2161
70 99 2909
71 99 2362
72 99 875
73 99 390
74 99 2610
75 99 2261
76 99 919
77 99 609
78 99 2325
79 99 2379
80 99 553
81 99 1323
82 99 231
83 99 2617
84 99 2456
85 99 1476
86 99 1629
87 99 2517
88 99 512
89 99 718
90 99 1579
91 99 2567
92 99 1361
93 99 2408
94 99 180
95 99 2098
96 99 2804
97 99 1
98 99 2521
