100 2518 0
0 1 1872
0 2 821
0 3 2672
0 4 2513
0 5 89
0 6 1432
0 7 2474
0 8 1227
0 9 190
0 10 1945
0 11 798
0 12 1491
0 13 1950
0 14 856
0 15 1905
0 16 1704
0 17 1530
0 18 2929
0 19 2541
0 20 317
0 21 2577
0 22 391
0 23 581
0 24 1011
0 25 1731
0 26 1163
0 27 950
0 28 2785
0 29 2762
0 30 321
0 31 2976
0 32 2010
0 33 345
0 34 1702
0 35 2020
0 36 1266
0 37 1205
0 38 2355
0 39 21
0 40 2516
0 41 1149
0 42 268
0 43 2317
0 44 1928
0 45 2214
0 46 2545
0 47 2867
0 48 1393
0 49 1929
0 50 2978
0 51 2750
0 52 1568
0 53 1448
0 54 686
0 55 2548
0 56 1980
0 57 2039
0 58 274
0 59 3
0 60 1519
0 61 2177
0 62 667
0 63 1050
0 64 2363
0 65 2244
0 66 1581
0 67 2113
0 68 154
0 69 572
0 70 295
0 71 1277
0 72 982
0 73 1334
0 74 168
0 75 705
0 76 1477
0 77 1523
0 78 2080
0 79 2429
0 80 1082
1 2 1077
1 3 2070
1 4 1737
1 5 2860
1 6 389
1 7 37
1 8 2293
1 9 1475
1 10 1821
1 11 2844
1 12 2175
1 13 1603
1 14 755
1 15 1674
1 16 1005
1 17 1597
1 18 1335
1 19 1243
1 20 2194
1 21 588
1 22 575
1 23 2783
1 24 1153
1 25 1628
1 26 907
1 27 1697
1 28 2404
1 29 2693
1 30 2040
1 31 1189
1 32 310
1 33 2682
1 34 1678
1 35 1874
1 36 2889
1 37 2340
1 38 2476
1 39 157
1 40 1921
1 41 1726
1 42 2294
1 43 1906
1 44 317
1 45 2656
1 46 2613
1 47 1699
1 48 1468
1 49 1261
1 50 1677
1 51 1665
1 52 1032
1 53 1559
1 54 2730
1 55 705
1 56 1377
1 57 702
1 58 2412
1 59 2610
1 60 648
1 61 2292
1 62 170
1 63 2368
1 64 2168
1 65 928
1 66 1264
1 67 675
1 68 638
1 69 1876
1 70 1720
1 71 1428
1 72 1358
1 73 2522
1 74 1305
1 75 1736
1 76 421
1 77 1007
1 78 1373
1 79 2718
1 80 1608
1 81 2195
1 82 2174
2 3 1298
2 4 1688
2 5 849
2 6 872
2 7 113
2 8 1576
2 9 762
2 10 2879
2 11 1294
2 12 450
2 13 2714
2 14 2727
2 15 493
2 16 2932
2 17 685
2 18 1329
2 19 516
2 20 143
2 21 88
2 22 1049
2 23 222
2 24 2049
2 25 2708
2 26 23
2 27 2568
2 28 54
2 29 123
2 30 1044
2 31 1906
2 32 910
2 33 606
2 34 952
2 35 1417
2 36 756
2 37 1240
2 38 2198
2 39 1296
2 40 2823
2 41 765
2 42 2032
2 43 1060
2 44 143
3 4 1643
3 5 2633
3 6 544
3 7 1005
3 8 603
3 9 1525
3 10 1277
3 11 2607
3 12 2114
3 13 542
3 14 1874
3 15 1362
3 16 852
3 17 1661
3 18 2795
3 19 1252
3 20 2140
3 21 397
3 22 340
3 23 2353
3 24 2807
3 25 217
3 26 2488
3 27 561
3 28 1298
3 29 982
3 30 540
3 31 1639
3 32 2100
3 33 954
3 34 1544
3 35 994
3 36 1340
3 37 1632
3 38 2208
3 39 1336
3 40 1132
3 41 2461
3 42 1775
3 43 124
3 44 2029
3 45 176
3 46 2063
3 47 2448
3 48 1652
3 49 2318
3 50 652
3 51 1742
3 52 1350
3 53 2193
3 54 1911
3 55 500
4 5 2367
4 6 757
4 7 2407
4 8 1608
4 9 1812
4 10 2867
4 11 804
4 12 1483
4 13 1760
4 14 1359
4 15 1415
4 16 1714
5 6 2359
5 7 552
5 8 2155
5 9 1632
5 10 2607
5 11 2526
5 12 1777
5 13 2069
5 14 983
5 15 2721
5 16 600
5 17 951
5 18 1306
5 19 85
5 20 2162
5 21 308
5 22 2694
5 23 2552
5 24 205
5 25 783
5 26 779
5 27 653
5 28 910
5 29 729
5 30 1379
5 31 1378
5 32 1898
5 33 1081
5 34 2177
5 35 2260
5 36 2398
5 37 2821
5 38 665
5 39 2376
5 40 2735
5 41 2643
5 42 399
5 43 756
5 44 34
5 45 2150
5 46 326
5 47 2390
5 48 2809
5 49 1668
5 50 722
5 51 1819
5 52 817
5 53 1536
5 54 9
5 55 2004
5 56 1347
5 57 1432
5 58 2487
5 59 959
5 60 841
5 61 1104
6 7 201
6 8 89
6 9 1259
6 10 1859
6 11 2686
6 12 1270
6 13 2345
6 14 8
6 15 1091
6 16 1199
6 17 697
6 18 2923
6 19 1213
6 20 703
6 21 1488
6 22 2673
6 23 1393
6 24 2563
6 25 1078
6 26 1542
6 27 418
6 28 1367
6 29 2467
6 30 2101
6 31 527
6 32 2026
6 33 2069
6 34 1117
6 35 2391
6 36 1751
6 37 558
6 38 1993
6 39 1689
6 40 60
6 41 1269
6 42 1164
6 43 652
6 44 115
6 45 2414
6 46 640
6 47 699
6 48 1450
6 49 2097
6 50 627
6 51 22
6 52 2905
6 53 2889
6 54 1906
6 55 2766
6 56 2314
6 57 441
6 58 411
6 59 2145
6 60 1261
6 61 1396
6 62 2181
6 63 2646
6 64 2967
6 65 2592
6 66 626
6 67 163
6 68 1108
6 69 2293
6 70 2792
6 71 1706
6 72 127
6 73 959
6 74 47
6 75 2040
6 76 348
6 77 791
6 78 1387
6 79 387
6 80 1954
6 81 2050
6 82 2287
7 8 1301
7 9 2691
7 10 201
7 11 1732
7 12 63
7 13 1235
7 14 2482
7 15 152
7 16 1898
7 17 2018
7 18 2786
7 19 1913
7 20 2334
7 21 2462
7 22 1060
7 23 303
7 24 2292
7 25 2875
7 26 619
7 27 89
7 28 1384
7 29 2354
7 30 1879
7 31 528
7 32 2302
7 33 736
7 34 2582
7 35 539
7 36 10
7 37 734
7 38 1076
7 39 1041
7 40 2210
7 41 2180
7 42 12
7 43 1251
7 44 2287
7 45 2007
7 46 2536
7 47 1462
7 48 708
7 49 2392
7 50 2816
7 51 1578
7 52 579
7 53 191
7 54 505
7 55 439
7 56 2838
7 57 596
7 58 459
7 59 1704
7 60 285
7 61 2633
7 62 1825
7 63 2832
7 64 427
7 65 932
7 66 2318
7 67 1421
7 68 2840
7 69 907
7 70 2289
7 71 2955
7 72 1523
7 73 251
7 74 2917
7 75 2712
7 76 2456
7 77 1398
7 78 2620
7 79 2378
7 80 2322
7 81 358
7 82 2521
7 83 2641
7 84 1115
7 85 69
7 86 2563
7 87 783
7 88 2094
7 89 1180
8 9 2692
8 10 193
8 11 1669
8 12 379
8 13 1517
8 14 2744
8 15 1770
8 16 2362
8 17 705
8 18 2884
8 19 2617
8 20 2933
8 21 143
8 22 2682
8 23 2622
8 24 1362
8 25 1010
8 26 797
8 27 2757
8 28 1356
8 29 520
8 30 994
8 31 416
8 32 1291
8 33 2920
8 34 1602
8 35 2284
8 36 1618
8 37 680
8 38 1793
8 39 11
8 40 1173
9 10 213
9 11 1437
9 12 1301
9 13 2234
9 14 2939
9 15 2817
9 16 642
9 17 2362
9 18 1199
9 19 609
9 20 394
9 21 863
9 22 2950
9 23 1747
9 24 2878
9 25 2273
9 26 366
9 27 1973
9 28 2485
9 29 719
9 30 1374
9 31 1469
9 32 1148
9 33 2509
9 34 599
9 35 2803
9 36 2772
9 37 2811
9 38 2761
9 39 1668
9 40 2534
9 41 747
9 42 2282
9 43 2617
9 44 2688
9 45 7
9 46 646
9 47 2757
9 48 291
9 49 2815
9 50 2779
9 51 1134
9 52 1003
10 11 712
10 12 1267
10 13 2165
10 14 2599
10 15 696
10 16 2042
10 17 1089
10 18 1986
10 19 2875
10 20 882
10 21 1077
10 22 74
10 23 266
10 24 413
10 25 2539
10 26 1142
10 27 1319
10 28 740
10 29 650
10 30 494
10 31 1872
10 32 2664
10 33 2256
10 34 158
10 35 348
10 36 664
10 37 1401
10 38 2165
10 39 371
10 40 734
10 41 527
10 42 1424
10 43 2753
10 44 2976
10 45 154
10 46 925
10 47 1509
10 48 535
11 12 659
11 13 997
11 14 1477
11 15 1449
11 16 958
11 17 923
11 18 609
11 19 258
11 20 2640
11 21 457
11 22 2509
11 23 2029
11 24 2342
11 25 1445
11 26 1194
11 27 2654
11 28 25
11 29 1259
11 30 1377
11 31 295
11 32 2091
11 33 1636
11 34 2960
11 35 2861
11 36 2002
11 37 901
11 38 2013
11 39 2059
11 40 2315
11 41 2904
11 42 2018
11 43 247
11 44 1777
11 45 1776
11 46 2917
11 47 44
11 48 875
11 49 1327
11 50 2214
11 51 2419
11 52 2016
11 53 2690
11 54 1192
11 55 2723
11 56 2217
11 57 2543
11 58 997
11 59 1874
11 60 965
11 61 1
11 62 1129
11 63 2666
11 64 1656
11 65 2018
11 66 1609
11 67 910
11 68 755
11 69 2886
11 70 1859
11 71 2881
11 72 1583
11 73 1178
11 74 2065
11 75 2272
11 76 391
11 77 1218
11 78 1555
11 79 642
11 80 1107
11 81 917
11 82 1461
11 83 45
11 84 1925
11 85 1574
11 86 1704
11 87 2329
11 88 2632
12 13 778
12 14 1400
12 15 1510
12 16 1423
12 17 2905
12 18 255
12 19 1906
12 20 2266
12 21 522
12 22 2326
12 23 2693
12 24 1995
12 25 2273
12 26 1915
12 27 2285
12 28 1827
12 29 110
12 30 2948
12 31 2198
12 32 2765
12 33 292
12 34 2575
12 35 1074
12 36 2323
12 37 1447
12 38 524
12 39 1521
12 40 2225
12 41 2645
12 42 1089
12 43 580
12 44 1840
12 45 2144
12 46 2365
12 47 1359
12 48 818
12 49 2253
12 50 1119
12 51 176
12 52 2207
12 53 502
12 54 389
12 55 237
12 56 2022
12 57 2037
12 58 1713
12 59 1672
12 60 26
12 61 1942
12 62 586
12 63 2493
12 64 1210
12 65 903
12 66 1527
12 67 770
12 68 2231
12 69 1413
12 70 880
12 71 1091
12 72 2784
12 73 1442
12 74 204
12 75 2115
12 76 1678
12 77 260
12 78 2897
13 14 2010
14 15 1843
14 16 1401
14 17 2435
14 18 1257
14 19 2055
14 20 2131
14 21 1070
14 22 1605
14 23 520
14 24 975
14 25 268
14 26 1037
14 27 895
14 28 16
14 29 615
14 30 2914
14 31 2952
14 32 815
14 33 779
14 34 935
14 35 2667
14 36 401
14 37 1337
14 38 947
14 39 2247
14 40 1828
14 41 2170
14 42 2407
14 43 2774
14 44 920
15 16 2127
15 17 149
15 18 2718
15 19 549
15 20 1285
15 21 2616
15 22 2859
15 23 870
15 24 2816
15 25 2509
15 26 397
15 27 953
15 28 2034
15 29 541
15 30 2491
15 31 1014
15 32 977
15 33 2268
15 34 2764
15 35 1496
15 36 1435
15 37 1180
15 38 691
15 39 2382
15 40 1696
15 41 622
15 42 2167
15 43 2055
15 44 894
15 45 2887
15 46 1058
15 47 902
15 48 631
15 49 2573
15 50 2240
15 51 637
15 52 259
15 53 1048
15 54 413
15 55 50
15 56 987
15 57 2604
15 58 724
15 59 650
15 60 1704
15 61 1641
15 62 2957
15 63 423
16 17 2418
16 18 1846
16 19 1737
16 20 2847
16 21 1715
16 22 660
16 23 1569
16 24 970
16 25 2203
16 26 1074
16 27 1425
16 28 816
17 18 2417
17 19 2958
17 20 2475
17 21 2524
17 22 2019
17 23 2499
17 24 1661
17 25 761
17 26 1713
17 27 1505
17 28 2533
17 29 67
17 30 601
17 31 137
17 32 311
17 33 1873
17 34 877
17 35 401
17 36 938
17 37 1333
17 38 2353
17 39 1283
17 40 2236
17 41 996
17 42 2676
17 43 2488
17 44 2570
17 45 620
17 46 2805
17 47 815
17 48 2484
17 49 44
17 50 107
17 51 2935
17 52 1525
17 53 1754
17 54 149
17 55 1101
17 56 2217
17 57 562
17 58 1040
17 59 72
17 60 909
17 61 2536
17 62 890
17 63 1281
17 64 2942
17 65 2086
17 66 1754
17 67 1010
17 68 1380
17 69 2873
17 70 2123
18 19 254
19 20 918
19 21 827
19 22 2589
19 23 1932
19 24 2089
19 25 2921
20 21 933
20 22 2825
20 23 2106
20 24 2721
20 25 2663
20 26 577
20 27 2519
20 28 1637
20 29 964
20 30 450
20 31 1040
20 32 423
20 33 1229
20 34 2679
20 35 2354
20 36 2905
20 37 513
20 38 2390
20 39 1718
20 40 1381
20 41 1761
20 42 1407
20 43 615
20 44 48
20 45 2461
20 46 87
20 47 1179
20 48 770
21 22 368
21 23 1842
21 24 1963
21 25 2670
21 26 1860
21 27 2031
21 28 819
21 29 320
21 30 2108
21 31 1020
21 32 2009
21 33 1958
21 34 1012
21 35 232
21 36 1561
21 37 1048
21 38 2025
21 39 2481
21 40 1072
21 41 1190
21 42 857
21 43 324
21 44 1396
21 45 1280
21 46 164
21 47 1667
21 48 2329
21 49 655
21 50 2187
21 51 2020
21 52 1127
21 53 1497
21 54 1057
21 55 2556
21 56 1459
21 57 1524
21 58 222
21 59 2873
21 60 124
21 61 742
21 62 227
21 63 123
21 64 623
21 65 1790
21 66 1793
21 67 2890
21 68 1436
21 69 2151
21 70 929
21 71 2991
21 72 574
21 73 1259
21 74 1526
21 75 2088
21 76 1770
21 77 1280
21 78 2652
21 79 1765
21 80 2380
21 81 2095
21 82 2522
21 83 1483
21 84 840
21 85 752
21 86 1849
21 87 1546
21 88 2275
21 89 435
21 90 2034
21 91 6
21 92 1587
21 93 1706
21 94 431
21 95 131
21 96 2126
21 97 557
21 98 631
22 23 2027
22 24 68
22 25 2475
22 26 1371
22 27 708
22 28 1978
22 29 1614
22 30 2365
22 31 128
22 32 1682
22 33 2066
22 34 210
22 35 357
22 36 2506
22 37 2123
22 38 718
22 39 228
22 40 2901
22 41 198
22 42 1980
22 43 542
22 44 2306
22 45 661
23 24 1131
23 25 2687
23 26 365
23 27 2556
23 28 1477
23 29 1052
23 30 2542
23 31 2784
23 32 481
23 33 134
23 34 2332
23 35 2600
23 36 2568
23 37 1959
23 38 687
23 39 1091
23 40 2013
23 41 2818
23 42 592
23 43 1226
23 44 213
23 45 1852
23 46 1958
23 47 2735
23 48 283
23 49 1634
23 50 445
23 51 2791
23 52 106
23 53 339
23 54 1219
23 55 2995
23 56 2740
23 57 2830
23 58 2426
23 59 850
23 60 849
23 61 769
23 62 2924
23 63 1700
23 64 546
23 65 1568
23 66 2529
23 67 857
23 68 802
23 69 797
23 70 2814
23 71 362
23 72 1335
23 73 360
23 74 2246
23 75 2612
23 76 1615
23 77 1561
23 78 1167
23 79 1810
23 80 2403
23 81 1866
23 82 2915
23 83 951
23 84 956
23 85 982
23 86 1109
23 87 1818
23 88 1832
23 89 1570
23 90 868
23 91 189
23 92 2907
23 93 2691
23 94 2493
23 95 1232
23 96 1046
23 97 2827
24 25 1738
24 26 2021
24 27 610
24 28 1212
24 29 413
24 30 528
24 31 1541
24 32 1622
24 33 357
24 34 55
24 35 1074
24 36 493
24 37 424
24 38 2615
24 39 2589
24 40 2669
24 41 1599
24 42 1871
24 43 2070
24 44 1688
24 45 2806
24 46 265
24 47 2403
24 48 2991
24 49 574
24 50 2415
24 51 2490
24 52 2339
24 53 2909
24 54 2101
24 55 417
24 56 1623
24 57 2506
24 58 1883
24 59 2682
24 60 1006
24 61 2178
24 62 182
24 63 2219
24 64 74
24 65 108
24 66 1361
25 26 2505
25 27 1055
25 28 1689
25 29 2555
25 30 1132
25 31 305
25 32 428
25 33 2758
25 34 1758
25 35 2862
25 36 2664
25 37 2309
25 38 1106
25 39 1477
25 40 973
25 41 2892
25 42 1375
25 43 1714
25 44 1907
25 45 1553
25 46 2635
25 47 989
25 48 1875
25 49 2483
25 50 819
25 51 1811
25 52 2831
25 53 919
25 54 657
25 55 2013
25 56 978
25 57 835
25 58 2638
25 59 1500
25 60 2447
25 61 2806
25 62 1841
25 63 2777
25 64 675
25 65 1217
25 66 1225
25 67 1300
25 68 943
25 69 700
25 70 716
25 71 1426
25 72 1290
25 73 2470
25 74 2187
25 75 1471
25 76 1763
25 77 1942
25 78 2164
25 79 187
25 80 724
25 81 801
25 82 1847
25 83 2646
25 84 679
25 85 1415
25 86 1796
25 87 1343
25 88 1835
25 89 250
25 90 357
25 91 2022
25 92 1362
25 93 678
25 94 685
26 27 2271
26 28 771
26 29 1346
26 30 161
26 31 748
26 32 2500
26 33 2840
26 34 831
26 35 420
26 36 2365
26 37 302
26 38 1916
26 39 34
27 28 2967
27 29 2912
27 30 1953
27 31 1129
27 32 2343
27 33 1823
27 34 2483
27 35 2054
27 36 1693
27 37 1588
27 38 1023
27 39 904
27 40 251
27 41 758
27 42 1930
27 43 1202
27 44 2897
27 45 2281
27 46 2448
27 47 681
27 48 1445
27 49 1350
27 50 2842
27 51 609
27 52 1592
27 53 2491
27 54 2589
27 55 911
27 56 1206
27 57 980
27 58 1105
27 59 2080
27 60 336
27 61 2420
27 62 1326
27 63 2579
27 64 1105
27 65 2076
27 66 146
27 67 2194
27 68 1392
27 69 2309
27 70 1497
27 71 1564
27 72 1944
27 73 191
27 74 1599
27 75 845
27 76 2330
27 77 1149
28 29 1203
28 30 782
28 31 313
28 32 2843
28 33 1841
28 34 280
28 35 1137
28 36 23
28 37 2004
28 38 385
28 39 2452
28 40 2447
28 41 2544
28 42 1243
28 43 686
28 44 141
28 45 652
28 46 1381
28 47 1563
28 48 742
28 49 2964
28 50 2858
28 51 1969
28 52 2646
28 53 2321
28 54 2763
28 55 969
28 56 937
28 57 595
28 58 373
28 59 1207
28 60 297
28 61 1667
28 62 2039
28 63 1687
28 64 809
28 65 1451
28 66 597
28 67 1690
28 68 1364
29 30 1827
29 31 218
29 32 2333
29 33 2414
29 34 495
29 35 146
29 36 174
29 37 837
29 38 38
29 39 2313
29 40 25
29 41 217
29 42 555
29 43 1228
29 44 1699
29 45 2539
29 46 1134
29 47 1778
29 48 2129
29 49 2347
29 50 919
29 51 1320
29 52 629
29 53 299
29 54 2473
29 55 2198
29 56 2220
29 57 632
29 58 887
29 59 1603
29 60 1337
29 61 1317
29 62 2866
29 63 2405
29 64 1024
29 65 1426
29 66 743
29 67 2376
29 68 451
29 69 2996
29 70 1139
29 71 948
29 72 1338
29 73 412
29 74 1746
29 75 415
29 76 640
29 77 2086
29 78 2430
29 79 229
29 80 565
29 81 965
29 82 2627
29 83 1781
29 84 1778
29 85 139
29 86 751
29 87 2842
29 88 376
29 89 2576
29 90 72
29 91 545
29 92 976
29 93 772
29 94 2280
29 95 1576
30 31 1637
30 32 799
30 33 1318
30 34 2707
30 35 633
30 36 2950
30 37 47
30 38 2388
30 39 155
30 40 2799
30 41 2131
30 42 1166
30 43 2880
30 44 1911
30 45 352
30 46 2540
30 47 959
30 48 1424
31 32 703
31 33 712
32 33 2358
32 34 2960
32 35 2247
32 36 1328
32 37 2868
32 38 2703
32 39 2225
32 40 1341
32 41 2053
32 42 1144
32 43 310
32 44 825
32 45 2710
32 46 1275
32 47 1059
32 48 2983
32 49 142
32 50 2867
32 51 1818
32 52 2975
32 53 1890
32 54 1973
32 55 172
32 56 1349
32 57 1023
32 58 2664
32 59 2410
32 60 1152
32 61 340
33 34 1437
33 35 1762
33 36 998
34 35 366
34 36 819
34 37 1188
34 38 2770
34 39 1799
34 40 658
34 41 1124
34 42 541
34 43 2160
34 44 2193
34 45 1185
34 46 2101
34 47 1162
34 48 981
34 49 508
34 50 674
34 51 2496
34 52 1687
34 53 2057
34 54 2054
34 55 1800
34 56 1552
34 57 507
34 58 2647
34 59 2324
34 60 844
34 61 2271
34 62 2395
34 63 600
34 64 1542
34 65 830
34 66 715
34 67 2178
34 68 1244
34 69 2320
34 70 2320
34 71 2232
34 72 2053
34 73 2051
34 74 538
34 75 1600
34 76 929
34 77 2393
34 78 2508
34 79 557
34 80 756
34 81 1208
34 82 2369
34 83 398
34 84 1119
34 85 774
34 86 1316
34 87 1615
34 88 544
34 89 866
34 90 138
35 36 2622
35 37 2643
35 38 559
35 39 1855
35 40 727
35 41 2828
35 42 2039
35 43 2991
35 44 1459
35 45 2567
35 46 2435
35 47 333
35 48 131
35 49 413
35 50 1971
35 51 656
35 52 1922
35 53 1719
35 54 81
35 55 386
35 56 455
35 57 1712
35 58 2408
35 59 2365
35 60 993
35 61 1078
35 62 433
36 37 604
36 38 370
36 39 833
36 40 1523
36 41 2414
36 42 1572
36 43 459
36 44 425
36 45 2238
36 46 1293
36 47 915
36 48 1374
36 49 1058
36 50 922
36 51 595
36 52 667
36 53 1671
36 54 632
36 55 72
36 56 1498
36 57 2585
36 58 2716
36 59 2811
36 60 1593
36 61 604
36 62 557
36 63 2381
36 64 1783
36 65 2147
36 66 2268
37 38 499
37 39 2709
37 40 1259
37 41 1939
37 42 410
37 43 2441
37 44 225
37 45 1900
37 46 1427
37 47 1855
37 48 1454
38 39 2352
38 40 353
38 41 2727
38 42 436
38 43 275
38 44 2516
38 45 343
38 46 1039
38 47 2462
38 48 2411
38 49 611
38 50 1933
38 51 1046
38 52 1821
38 53 1738
38 54 117
38 55 1012
38 56 792
38 57 2101
38 58 1742
38 59 2812
38 60 2789
38 61 574
38 62 1157
38 63 541
38 64 1248
38 65 2428
38 66 808
38 67 2134
38 68 2894
38 69 106
38 70 251
38 71 740
38 72 2942
38 73 941
38 74 1
38 75 1011
38 76 8
38 77 475
38 78 2506
38 79 2368
38 80 494
38 81 2093
38 82 613
38 83 2979
38 84 1734
38 85 1963
38 86 465
38 87 604
38 88 2225
38 89 1255
38 90 2840
39 40 1379
39 41 453
39 42 1556
39 43 1712
40 41 728
40 42 503
40 43 1854
40 44 56
40 45 929
40 46 2487
40 47 1173
40 48 1878
40 49 990
40 50 743
40 51 2470
40 52 2969
40 53 2602
40 54 695
40 55 2975
40 56 1670
40 57 1431
40 58 2523
40 59 2042
40 60 2056
40 61 888
40 62 999
40 63 1503
40 64 2754
40 65 1349
40 66 1451
40 67 1524
40 68 2154
40 69 2871
40 70 2293
40 71 1871
40 72 2329
40 73 174
40 74 365
40 75 1235
40 76 773
40 77 417
40 78 1030
40 79 28
40 80 1789
40 81 2039
40 82 743
40 83 788
40 84 2112
40 85 2710
40 86 570
40 87 1106
40 88 2119
40 89 146
40 90 1857
40 91 1719
40 92 1703
40 93 1337
40 94 2021
40 95 2188
40 96 658
41 42 1951
41 43 1233
41 44 1314
41 45 2076
41 46 1221
41 47 1490
41 48 1878
41 49 1123
41 50 2833
41 51 2635
41 52 2620
41 53 1457
41 54 1643
41 55 327
41 56 1762
41 57 1002
41 58 1731
41 59 1839
41 60 1357
41 61 2712
41 62 839
41 63 2040
41 64 2431
41 65 2352
41 66 2089
41 67 1090
41 68 1375
41 69 2936
41 70 363
41 71 155
41 72 2833
41 73 2985
41 74 2447
41 75 2205
41 76 2082
42 43 2981
42 44 532
42 45 2447
42 46 2211
42 47 2707
42 48 22
43 44 1691
43 45 1982
43 46 2060
43 47 1767
43 48 275
43 49 2539
43 50 1317
43 51 2697
43 52 1747
43 53 1896
43 54 285
43 55 2773
43 56 1740
43 57 1875
43 58 1069
43 59 318
43 60 2434
43 61 2855
43 62 133
43 63 2670
43 64 1273
43 65 2305
43 66 1016
43 67 727
43 68 2152
43 69 2535
43 70 2665
43 71 847
43 72 2801
43 73 378
43 74 4
43 75 1654
43 76 2880
43 77 1217
43 78 1112
43 79 2084
43 80 20
43 81 1542
43 82 126
43 83 1699
43 84 1810
43 85 1989
43 86 1749
43 87 101
43 88 1478
43 89 2511
43 90 1979
43 91 2992
43 92 760
43 93 1156
44 45 2661
44 46 777
44 47 10
44 48 2076
44 49 1896
44 50 2492
44 51 1199
44 52 2981
44 53 523
44 54 1236
44 55 2391
44 56 1049
44 57 254
45 46 55
45 47 2973
45 48 908
45 49 1148
45 50 2207
45 51 115
45 52 2420
45 53 877
45 54 777
45 55 2051
45 56 2187
45 57 495
45 58 2798
45 59 1674
45 60 1228
45 61 1025
45 62 1543
45 63 710
45 64 2075
45 65 1801
45 66 164
45 67 1020
45 68 2883
45 69 2751
45 70 1717
45 71 62
45 72 1072
45 73 1975
45 74 346
45 75 2224
45 76 1159
45 77 2168
45 78 96
45 79 1428
45 80 1129
45 81 1222
45 82 1618
45 83 2218
45 84 1470
45 85 26
45 86 2762
45 87 253
45 88 749
45 89 1313
45 90 2790
45 91 2879
45 92 2349
45 93 1085
45 94 721
45 95 239
46 47 236
46 48 16
46 49 2583
46 50 1628
46 51 1211
46 52 636
46 53 762
47 48 1063
47 49 2656
47 50 795
47 51 1205
47 52 1786
47 53 2549
47 54 2364
47 55 1088
47 56 2500
47 57 2933
47 58 2076
47 59 641
47 60 1023
47 61 1673
47 62 2227
47 63 1835
47 64 2241
47 65 1765
47 66 955
47 67 2711
48 49 2205
48 50 871
48 51 264
48 52 599
48 53 1412
48 54 775
48 55 1051
48 56 1765
48 57 600
48 58 1564
48 59 1374
48 60 799
48 61 2043
48 62 254
48 63 2557
48 64 1882
48 65 1638
48 66 449
48 67 811
48 68 2282
48 69 2545
48 70 2246
49 50 2971
49 51 769
49 52 1048
49 53 2450
49 54 84
49 55 2600
49 56 1885
49 57 2668
49 58 1796
49 59 2773
49 60 2556
49 61 559
49 62 157
49 63 2471
49 64 1295
49 65 1363
49 66 655
49 67 821
49 68 281
49 69 995
49 70 1877
49 71 156
49 72 854
49 73 534
49 74 1424
49 75 351
49 76 2998
49 77 251
49 78 1533
49 79 1607
49 80 2386
50 51 1331
50 52 1574
50 53 123
50 54 1974
50 55 1437
50 56 618
50 57 1202
50 58 2508
50 59 856
50 60 1460
50 61 1994
50 62 1389
50 63 1557
50 64 686
50 65 1391
50 66 1629
50 67 1551
50 68 1848
50 69 1031
50 70 1117
50 71 2625
50 72 2261
50 73 343
50 74 699
50 75 2263
50 76 1031
50 77 2871
50 78 295
50 79 844
50 80 1849
50 81 809
50 82 438
50 83 1966
50 84 2829
50 85 1500
50 86 408
50 87 2469
50 88 2405
50 89 1333
50 90 2849
50 91 2514
50 92 80
50 93 2267
50 94 2520
50 95 801
50 96 1540
50 97 1952
50 98 603
51 52 2056
51 53 1028
51 54 627
51 55 2372
51 56 712
51 57 2197
51 58 1569
51 59 691
51 60 1140
51 61 1590
51 62 2053
51 63 60
51 64 834
51 65 682
51 66 1560
51 67 1475
51 68 575
51 69 1100
51 70 1706
51 71 2578
51 72 689
51 73 1005
51 74 279
51 75 840
51 76 754
51 77 463
51 78 1204
51 79 717
51 80 158
51 81 2197
51 82 753
51 83 1027
52 53 2015
52 54 525
52 55 1398
52 56 659
52 57 2315
52 58 2132
52 59 1470
52 60 1969
52 61 1903
52 62 1869
52 63 2581
52 64 1951
52 65 1120
52 66 1346
52 67 1671
53 54 254
53 55 2836
53 56 2228
53 57 394
53 58 241
53 59 2164
53 60 771
53 61 435
53 62 2798
53 63 2041
53 64 886
53 65 866
53 66 227
53 67 1703
53 68 687
53 69 825
53 70 520
53 71 73
53 72 2457
53 73 1706
53 74 434
53 75 1659
53 76 2223
53 77 2212
53 78 1706
53 79 1403
53 80 471
53 81 1845
53 82 1839
53 83 854
53 84 294
53 85 1051
53 86 2641
53 87 799
53 88 2055
53 89 2040
53 90 2448
53 91 201
53 92 1347
53 93 8
53 94 1718
54 55 69
54 56 1467
54 57 2215
54 58 1479
54 59 630
55 56 1560
55 57 1500
55 58 271
55 59 2622
55 60 431
55 61 1022
55 62 1703
55 63 1670
55 64 619
55 65 254
55 66 644
55 67 562
55 68 2748
55 69 1531
55 70 536
55 71 799
55 72 1687
55 73 1451
55 74 1194
55 75 2972
55 76 1545
55 77 198
55 78 1667
55 79 321
55 80 2038
55 81 722
55 82 2989
55 83 1623
55 84 734
55 85 1169
55 86 230
55 87 1733
56 57 1733
56 58 283
56 59 2919
56 60 1930
56 61 2236
56 62 125
56 63 954
56 64 2600
56 65 2340
56 66 1228
56 67 2958
56 68 2459
56 69 1780
56 70 2282
56 71 2068
56 72 440
56 73 1832
56 74 939
56 75 1208
56 76 438
56 77 370
56 78 834
56 79 2565
56 80 1338
56 81 2570
56 82 1532
56 83 2287
56 84 1271
56 85 336
57 58 245
57 59 1626
57 60 2134
57 61 1587
57 62 2025
57 63 1813
57 64 2947
57 65 1529
57 66 1862
57 67 1371
57 68 811
57 69 76
57 70 1598
57 71 407
57 72 1503
57 73 2478
57 74 248
57 75 1024
57 76 2230
58 59 1068
58 60 1967
58 61 359
58 62 2319
58 63 998
58 64 455
58 65 1892
58 66 922
58 67 764
59 60 1493
59 61 2280
59 62 1525
59 63 271
59 64 416
59 65 2399
59 66 1118
59 67 447
59 68 1765
59 69 1498
59 70 2706
59 71 2771
59 72 2597
59 73 986
59 74 1723
59 75 2046
59 76 678
59 77 1109
59 78 940
59 79 2407
59 80 2744
59 81 424
59 82 47
59 83 1205
59 84 1139
59 85 821
59 86 801
59 87 2090
59 88 635
60 61 281
60 62 1009
60 63 1709
60 64 1686
60 65 2150
60 66 2970
60 67 662
60 68 769
60 69 722
60 70 1932
60 71 2949
61 62 2059
61 63 2770
61 64 1085
62 63 54
62 64 972
62 65 2351
62 66 3
62 67 899
62 68 1171
62 69 154
62 70 2918
62 71 1328
62 72 877
62 73 1391
62 74 2492
62 75 2682
62 76 2195
62 77 2671
62 78 2203
62 79 870
62 80 2170
62 81 2558
62 82 875
62 83 2932
62 84 1748
62 85 374
62 86 1411
62 87 899
62 88 2466
62 89 1402
63 64 283
63 65 1671
63 66 2950
64 65 364
64 66 2772
64 67 1135
64 68 998
64 69 927
64 70 2783
65 66 324
65 67 2442
66 67 605
66 68 536
66 69 2722
66 70 1178
66 71 1955
66 72 1662
66 73 1773
66 74 2612
66 75 842
66 76 1139
66 77 847
66 78 2494
66 79 736
66 80 1024
66 81 856
66 82 2064
66 83 243
66 84 995
66 85 439
66 86 1016
66 87 448
66 88 1135
66 89 2982
66 90 2692
66 91 1817
66 92 1102
67 68 498
67 69 2329
67 70 764
67 71 1293
67 72 2044
67 73 2710
67 74 1559
67 75 2145
67 76 561
67 77 2080
67 78 2868
67 79 2953
67 80 1925
67 81 1238
67 82 1481
67 83 2491
67 84 2535
67 85 2498
67 86 764
67 87 317
67 88 2184
67 89 2137
67 90 259
67 91 2485
67 92 2151
67 93 2364
67 94 2230
67 95 2468
67 96 366
67 97 1607
67 98 866
68 69 699
68 70 981
68 71 746
68 72 1682
68 73 2374
68 74 1096
68 75 921
68 76 2619
68 77 2253
68 78 1511
68 79 1221
68 80 841
68 81 1974
68 82 275
68 83 807
68 84 928
68 85 438
68 86 1878
68 87 1010
69 70 2033
69 71 1003
69 72 49
69 73 1551
69 74 1016
69 75 15
69 76 1935
69 77 2678
69 78 1061
70 71 2474
70 72 1621
70 73 1987
70 74 1455
70 75 723
70 76 929
70 77 2747
70 78 2301
70 79 1384
70 80 1549
71 72 2352
71 73 2455
71 74 352
71 75 2414
71 76 318
71 77 2537
71 78 930
71 79 625
71 80 850
72 73 2612
72 74 908
72 75 1326
72 76 2987
72 77 1261
72 78 826
72 79 1662
72 80 2476
72 81 2438
72 82 1883
72 83 1671
72 84 352
72 85 751
72 86 1412
72 87 1813
72 88 1073
73 74 2060
73 75 995
73 76 1379
73 77 1253
73 78 937
73 79 2867
73 80 2264
73 81 871
73 82 1655
73 83 2046
73 84 780
73 85 2877
74 75 2460
75 76 2974
75 77 872
75 78 1590
75 79 478
75 80 1865
75 81 844
75 82 2548
75 83 729
75 84 2692
75 85 699
75 86 2813
75 87 2824
75 88 776
75 89 2787
75 90 146
76 77 1701
76 78 1168
76 79 2121
76 80 605
76 81 1634
76 82 2579
76 83 17
77 78 199
77 79 2407
77 80 2529
77 81 1277
77 82 1632
77 83 2887
77 84 1017
77 85 2538
77 86 2550
78 79 2501
78 80 2608
78 81 2638
78 82 161
78 83 2934
78 84 2167
78 85 2930
78 86 2298
78 87 789
78 88 561
78 89 2583
78 90 1417
78 91 1558
78 92 23
78 93 399
78 94 231
78 95 2957
79 80 1197
79 81 2526
79 82 254
79 83 2756
79 84 1806
79 85 2671
79 86 2143
79 87 900
79 88 592
79 89 1073
79 90 1881
79 91 794
79 92 2972
80 81 1229
80 82 1171
80 83 1774
81 82 457
81 83 2337
81 84 2982
81 85 2876
81 86 156
81 87 890
81 88 364
81 89 1291
81 90 2846
82 83 1987
82 84 2268
82 85 1487
82 86 1428
82 87 971
82 88 939
82 89 545
82 90 2469
82 91 438
82 92 1880
82 93 1742
82 94 329
82 95 272
83 84 2116
83 85 2523
83 86 1486
83 87 2610
83 88 739
83 89 758
83 90 1642
83 91 496
83 92 2538
83 93 2267
83 94 2058
83 95 2101
83 96 263
83 97 1806
83 98 888
84 85 2990
84 86 996
84 87 2277
84 88 530
84 89 2972
84 90 2042
84 91 982
84 92 781
84 93 2057
84 94 1506
84 95 1270
84 96 2059
84 97 2470
85 86 2061
85 87 1970
85 88 2041
85 89 2470
85 90 1865
85 91 876
85 92 902
85 93 1566
85 94 2775
85 95 1239
86 87 1144
86 88 1477
86 89 2342
86 90 156
86 91 88
86 92 1371
86 93 1646
86 94 2031
86 95 1273
86 96 2072
86 97 670
86 98 888
87 88 2026
87 89 1979
87 90 1390
87 91 2996
87 92 1438
87 93 2228
87 94 778
87 95 40
88 89 1898
88 90 1857
88 91 2409
88 92 480
88 93 794
88 94 2815
88 95 613
89 90 377
89 91 1774
89 92 1761
89 93 129
89 94 1230
89 95 575
89 96 998
89 97 1379
90 91 779
90 92 2796
90 93 1585
90 94 1670
90 95 1176
91 92 1101
91 93 1804
91 94 104
91 95 2779
91 96 1541
91 97 939
91 98 480
92 93 2039
93 94 2363
93 95 2208
93 96 2062
93 97 1760
94 95 2432
94 96 172
95 96 2760
96 97 144
97 98 814
98 99 2218
